0.6748469644692175	0
0.6658541290513433	0
0.6693191384691012	0
0.6820320930802114	0
0.7005343917969885	0
0.7220456342068589	0
0.7449166132635853	0
0.7680580566782111	0
0.7907911362469501	0
0.8128383260242902	0
0.833975238085456	0
0.8540631733892655	0
0.8730676648928887	0
0.8909871931675167	0
0.9078426647887325	0
0.9236707873751293	0
0.9385180819572955	0
0.952436565624705	0
0.965480776213562	0
0.9777057595433356	0
0.989165729194443	0
0.9999145644363776	0
1.0100036339144347	0
1.0194833973958763	0
1.0284008755706482	0
1.0367987748504224	0
1.0447149668069353	0
1.0521837266707796	0
1.0592356221792836	0
1.0658910978020186	0
1.07217736928953	0
1.0781207346855148	0
1.083745481401168	0
1.0890740140652604	0
1.094126566465066	0
1.098921826177274	0
1.1034771173533233	0
1.1078084790889304	0
1.1119302159265085	0
1.1158550794944286	0
1.1195957921894135	0
1.123164639682368	0
1.126573069582332	0
1.1298317243825884	0
1.1329503593165302	0
1.1359376080725823	0
1.1388015560545315	0
1.1415497595243964	0
1.1441892494990473	0
1.1467263315453748	0
1.149166712089751	1
1.1515157049776616	1
1.1537782526083686	1
1.1559588351761731	1
1.1580616081862416	1
1.1600904493185924	1
1.1620489746995888	1
1.1639405586461697	2
1.1657683466870725	4
1.167535245580349	5
1.1692438916054733	5
1.1708966620503118	5
1.172495669879434	5
1.174042782535073	6
1.1755396506365958	6
1.1769877424499406	6
1.1783883797153782	6
1.1797427792684587	6
1.181052097215182	6
1.1823172100126844	7
1.1835389423121225	8
1.1847183010507112	9
1.1858191069118291	9
1.1868183339807514	9
1.1877436197381253	10
1.1885371221896417	10
1.1891807838997102	10
1.1896817449616481	11
1.1900694257359978	11
1.1903435212231364	12
1.1905464018948033	12
1.1907076403398054	14
1.1908380979594702	14
1.1909527204257326	14
1.1909976392840556	15
1.190998827324219	16
1.1909901898464657	16
1.1910107333957587	16
1.1910943276894541	16
1.1912576239640187	16
1.1914742149365096	16
1.1917086045022085	17
1.1919144565887694	17
1.1921087100472	17
1.192301639812833	17
1.192501443379843	18
1.1926291453826416	19
1.192690187077526	20
1.192675139848281	20
1.1926288410388137	20
1.192569416962377	20
1.1925351209657407	19
1.1925614993780558	19
1.1926074556271389	19
1.1926506234910383	18
1.1926605532849224	18
1.1925838621862987	18
1.192388992765048	16
1.191986612034481	16
1.1915616926857853	15
1.1912632927737163	15
1.1909073194413597	15
1.1905211943840146	14
1.190159251702706	14
1.1898346840352625	14
1.1895907192674045	14
1.189433863147135	14
1.1893633489273736	14
1.189343750026191	14
1.1893545147498803	13
1.1894008859853173	12
1.1894953280883225	12
1.1896537387299386	11
1.1898786724556702	11
1.1901412747686153	10
1.1904007078674685	10
1.1906731251814435	9
1.1909708856779264	8
1.1912973728646707	8
1.1916500078924321	8
1.1920250937034926	7
1.192419796227444	7
1.192831749492405	7
1.1932587128657106	7
1.1936979776125207	6
1.1941464423734613	4
1.1946010999328687	4
1.1950593501927909	4
1.1955191480845642	4
1.1959789223602844	4
1.1964374951822374	4
1.1968939984793119	3
1.1973490276496088	3
1.1973448292430218	2
1.1973448928744037	2
1.1973485862280853	2
1.1969117938272544	2
1.196484092264271	1
1.1960716368889899	1
1.1952439435798752	1
1.194435966443821	1
1.193214465934946	1
1.191601971606576	0
1.1900187346762934	0
1.188463350337695	0
1.186491781860617	0
1.1845468204532958	0
1.182627509600381	0
1.1807334652454544	0
1.1784454551546073	0
1.1761849379174547	0
1.1739507137906204	0
1.1717419121404844	0
1.1691810242996907	0
1.1666501500925852	0
1.1637548580292267	0
1.1605127835044642	0
1.1573130136729188	0
1.1541537600685512	0
1.1506561344902104	0
1.1472007868292022	0
1.1437867518298048	0
1.1404151739369923	0
1.1367292421669677	0
1.1327130611476686	0
1.1287444426095807	0
1.1248222276583588	0
1.1209452544070826	0
1.117113621941469	0
1.1129755052867882	0
1.1088851762143916	0
1.1041552728859134	0
1.0994795941038689	0
1.0948569041184837	0
1.090286042210933	0
1.0857659140163	0
1.0812954839668354	0
1.0765448924178693	0
1.0715101995758984	0
1.0665291418714808	0
1.0616007897854003	0
1.0564069837422594	0
1.0512671367767408	0
1.0461803955602842	0
1.0411459268568952	0
0.6063312184997216	0
0.5997767069400939	0
0.6068052516023832	0
0.6230262318173239	0
0.6451403418593614	0
0.6702993419378648	0
0.6964508617343584	0
0.7228471067116793	0
0.7489635171477618	0
0.7743111728731747	0
0.7985034650501098	0
0.8213824625828117	0
0.8429026056375276	0
0.8631276575989619	0
0.8821331170555102	0
0.8999928245685613	0
0.9167763481486515	0
0.9325485915025802	0
0.9473710486453615	0
0.9612976221134165	0
0.9743049941557986	0
0.986469785569974	0
0.9978616285613436	0
1.0085417758670276	0
1.0185621753790801	0
1.0279703574689185	0
1.0368097019415332	0
1.0451196811807804	0
1.052932207197907	0
1.0602751267902086	0
1.0671752678904916	0
1.0736593168851243	0
1.0797548129996364	0
1.085491277231933	0
1.0909015084187994	0
1.0960204620993932	0
1.1008821382845997	0
1.105512706727474	0
1.109928635738232	0
1.114141956536988	0
1.118164486779521	0
1.1220084203615381	0
1.1256854046314682	0
1.129206089311548	0
1.1325788313462408	0
1.1358116416151678	0
1.138913233374846	0
1.1418919206011267	1
1.144754518625128	1
1.14750754948267	1
1.1501578510593222	1
1.1527111412121087	1
1.1551717532984098	3
1.157545100778729	3
1.159838107248382	3
1.1620562492540618	3
1.1641977450463583	3
1.1662641135786862	4
1.1682587583689727	4
1.1701849191599485	4
1.1720456401155765	4
1.1738437783903581	5
1.1755820017742569	5
1.1772627879523048	5
1.1788882937507503	5
1.1804605065371159	5
1.1819812513696721	6
1.1834521973312078	6
1.1848748754674838	7
1.1862508164801862	7
1.1875815293753382	7
1.1888290998476831	8
1.189925638710367	8
1.1908379544320673	8
1.1915416791718378	8
1.192015624917024	10
1.1923030034320536	10
1.192483772366618	10
1.1925949650785208	10
1.1926592888578915	10
1.192668671289648	10
1.192675124519876	10
1.1927584714963422	11
1.1929657683337795	12
1.1933046385080202	13
1.1937159727681703	15
1.194120339823209	15
1.1944624221388824	15
1.1947208747425564	16
1.1948534079707507	16
1.194872521664571	16
1.1948120055679259	16
1.1946762223483591	16
1.1944523928113884	15
1.1941060315048948	15
1.1936640224973918	15
1.193196724446511	15
1.1927209477759328	15
1.1922514905983985	15
1.1917534162826542	17
1.1912142532180816	16
1.1906783699549712	16
1.1901603108059982	16
1.1896788017254725	16
1.1891894333853141	16
1.1887269163917282	15
1.1882877353478252	15
1.187856188347309	16
1.1874373012732724	16
1.1870518444697742	16
1.1867130582449228	16
1.1864468231482834	16
1.1862729169791306	16
1.1861367485893743	16
1.1860002446530096	16
1.1858251632679793	16
1.1855436640707477	16
1.1851111315123664	16
1.1845246441265658	16
1.1837877610046303	14
1.1829119254604505	14
1.1819434467138856	14
1.180931366010434	14
1.1799892279657762	14
1.1791126107306473	13
1.1782547233545984	12
1.177395145751382	12
1.1765460291744136	12
1.1757229540852927	11
1.174925017250633	11
1.1741591070726005	11
1.173436084526952	11
1.1727544175082938	11
1.1721001569666203	8
1.1714627490459315	8
1.1708382758897595	8
1.1702278583073717	8
1.1697093862589552	8
1.168326031272118	7
1.1670024855072165	7
1.1657491380378702	7
1.1645686170573049	7
1.1630005847822467	6
1.1615098651311722	6
1.1596328973435837	6
1.1578672543144575	6
1.1561898805853115	6
1.154558641543753	6
1.1529405868403697	5
1.1512356450037582	5
1.1494053696294788	5
1.1476739102059499	5
1.1460780572306637	5
1.144545544163652	4
1.1430221239222114	4
1.1415144510601913	4
1.1400330196984174	4
1.1385918402558757	4
1.13720663341559	4
1.1358844690606744	4
1.1342133292940757	3
1.1326130921111153	2
1.1306925983208624	2
1.1288323291784248	2
1.1270237572590955	2
1.124849714817971	2
1.1227143533397566	1
1.1206083431842986	1
1.1185191835996402	1
1.1164521298475534	1
1.1144193615956115	1
1.1124192747660577	0
1.1104421227553278	0
1.108481669649768	0
1.1061735248713258	0
1.1031612358698817	0
1.0998222068811225	0
1.096520763735552	0
1.0932565740310944	0
1.0900294197787506	0
1.0868390730921873	0
1.083685258347599	0
1.0805676664597412	0
1.0774855707922966	0
1.0740917977510676	0
1.0707368127441907	0
1.0674203888013065	0
1.0641426000207455	0
1.0609036048638705	0
1.0577035573729867	0
1.0545441975661587	1
1.0507489850800644	1
1.0470030775868042	1
1.0433070722023579	1
1.0396613944351765	1
1.03606610729951	1
1.0325211782219743	1
1.0290264599042342	1
1.0255814931547205	1
1.0221858042399272	1
1.0185346331176255	1
1.0149353838828277	1
1.0113868199447804	1
1.007567045564977	1
1.0037976390550756	1
1.0000768202365604	1
0.9964027825391845	1
0.9927737391917795	1
0.9891883823066956	0
0.9853356892875863	0
0.9815261752754182	0
0.9777583505432073	0
0.9737646859725425	0
0.9698124098131778	0
0.9656019544628448	0
0.9614334861606327	0
0.9573060601233855	0
0.9532187942741828	0
0.9491708617098732	0
0.9451614840870424	0
0.9411899262698249	0
0.9372554914658845	0
0.9333575172932085	0
0.9294953723177094	0
0.9256684531995472	0
0.9218761819543383	0
0.918118003815062	0
0.914393385222339	0
0.9107018120097824	0
0.907042787887279	0
0.9034158330734845	0
0.8998204829594252	0
0.8962562870602885	0
0.8927228079638159	0
0.889219620450769	0
0.8857463106430691	0
0.8823024752945657	0
0.8788877210986163	0
0.8755016641148609	0
0.8721439292249668	0
0.8688141496213025	0
0.8655119664052345	0
0.8622370281396341	0
0.8589889904993451	0
0.8557675159241876	0
0.8525722732711141	0
0.8494029375119616	0
0.8462591893182861	0
0.8431407145418413	0
0.6880985983977117	0
0.6987073974500749	0
0.7236858744779682	0
0.7498639639237739	0
0.7728697943013288	0
0.7928316004042962	0
0.8105797597847819	0
0.8273171744536413	0
0.8446923416412024	0
0.8625949960646557	0
0.8806000236960315	0
0.8983676229285117	0
0.9156403054192476	0
0.9322416943047019	0
0.9479885773123069	0
0.9628617636379049	0
0.9768788674417748	0
0.990068964664119	0
1.0024685367015689	0
1.0141174998779328	0
1.0250578973028444	0
1.035333026723636	0
1.0449842579794677	0
1.0540550456837718	0
1.0625840642769784	0
1.0706055722646044	0
1.078146492327743	0
1.0852340102486047	0
1.0918973627336677	0
1.098170348283273	0
1.104091490211728	0
1.1096994696148903	0
1.1150261284692287	0
1.1200804485807303	0
1.124869843434453	0
1.1294005236007612	0
1.1336802811833713	0
1.1377228389727063	0
1.1415498387713656	0
1.145188147308428	0
1.1486602014368916	0
1.1519659205605468	0
1.1550964719696866	0
1.1580556487499643	0
1.1608543750766944	0
1.1635866096884837	0
1.1663021618452512	0
1.1689703656207375	1
1.1715703468878134	1
1.1740888363509459	1
1.176518668765677	1
1.1788526517610438	2
1.181088586619145	3
1.1832276990831392	5
1.1852734865365275	5
1.187230772135021	5
1.1891050163016128	6
1.1909012715747813	6
1.192597517686242	6
1.1941260814578407	6
1.1954732520507603	6
1.1966867521123716	6
1.1977873728288708	6
1.1988163324240737	6
1.1997966545180743	7
1.2007214622529139	8
1.2015472436874166	8
1.20223549855418	8
1.202807878202009	10
1.203305568393912	10
1.2037273306162535	10
1.2040978902728776	10
1.2044322843322315	11
1.2047098938231602	11
1.2049207144552445	11
1.2050677656626227	11
1.2051639452981155	12
1.20524775400095	12
1.2052788261359517	12
1.2052553319300725	13
1.2051843504528865	13
1.2051029105638495	13
1.2050302315014054	13
1.2049520905591555	13
1.2047910898203198	13
1.2045703165588932	13
1.20429596863564	15
1.203996561955363	17
1.20368576562026	17
1.2033283650529258	17
1.2028757304346906	17
1.2022529684876575	18
1.2014479565735674	18
1.2004998625969658	18
1.1994969939895526	18
1.198520563788668	18
1.1976328364373245	18
1.196779810992153	18
1.1959546716610816	18
1.195149169077149	18
1.1943408447889419	16
1.1934805479316537	16
1.1925298016347676	17
1.1914714800933586	17
1.190417033742878	17
1.1895147343398702	16
1.1886658693586296	16
1.1878607257863787	16
1.1871137073290376	15
1.1863922178550907	14
1.1856582749549327	14
1.1849140775137008	14
1.1841843466237836	14
1.183441383057767	14
1.1826863980950757	13
1.1819361443796295	13
1.1812095325482825	13
1.1805045759560817	12
1.1798248958030453	12
1.1791566689449864	12
1.1784850195022305	12
1.1778184052857557	11
1.1771699676548504	11
1.1765514872287972	11
1.1759573197744178	11
1.1753743097834428	10
1.174823997412253	10
1.174306459689601	10
1.1738076790366476	10
1.1733034164932297	10
1.1727454099974852	10
1.1721992810783832	10
1.1712709936073342	9
1.1703722019469411	9
1.169549724592802	8
1.1688288921055232	6
1.1682150284142894	6
1.1677114247893599	6
1.1673071192617044	5
1.166980423293464	5
1.1666907432499511	5
1.1659433783293698	5
1.165242870264076	5
1.164621543086746	4
1.1635841354423857	4
1.1625734775447756	4
1.161575830117342	4
1.1605876867829403	4
1.1596200837626605	3
1.158689398187845	3
1.1573641301902355	3
1.1560698827895803	3
1.1548034478510592	3
1.152697726572405	3
1.1506282120677882	3
1.1485938187538594	3
1.1465934090042793	2
1.144625643664641	2
1.142264407718349	2
1.1399382884724432	2
1.1376458020074358	2
1.135385361752284	1
1.1331557169365907	1
1.1309557816776319	1
1.1287853249382496	0
1.126240880526532	0
1.123728585580172	0
1.1208998927684284	0
1.1181066877932855	0
1.1153478679650288	0
1.1126224200661006	0
1.1099292410029042	0
1.1072674975044257	0
1.104636409857901	0
1.102037029206641	0
1.0987081499580984	0
1.0950433296842967	0
1.0914206529459705	0
1.0878392712378746	0
1.0839392423742478	0
1.0800829304545787	0
1.0759079311231838	0
1.0717788912427195	0
1.0676949479817022	0
1.0636552910027601	0
1.0596591241869815	0
1.0557057245165369	0
1.0517943696637388	0
1.047586266659391	0
1.0434222684878909	0
1.039301591893838	0
1.0352243902283873	0
1.030857190652536	0
1.0265353808831181	0
1.0222581709014158	0
1.0180248200345072	0
1.0138346316549423	0
1.0096874056107685	0
1.005263752624266	0
1.0008848111960973	0
0.9962064718478715	0
0.9915749036299466	0
0.9869893502199172	0
0.9824490600196724	0
0.9779533256940501	0
0.9735014635523795	0
0.9690927892187194	0
0.9647266394698307	0
0.9601113759983322	0
0.9555400660648554	0
0.9510120735426053	0
0.9465268022953726	0
0.9420836397633526	0
0.9376819856419717	0
0.933321251194048	0
0.9290008854726395	0
0.9247203180250495	0
0.9204789896380455	0
0.9162763783819063	0
0.9121119428877172	0
0.9079851528505922	0
0.9038955145316871	0
0.8998425146897591	0
0.8958256762274678	0
0.891844528089078	0
0.88789858046848	0
0.8839873788026776	0
0.8801104742297905	0
0.8762673999932983	0
0.8724577231539989	0
0.8686810162133278	0
0.8649368576332923	0
0.8612248322785382	0
0.8575445087131842	0
0.8538954877590856	0
0.8502773758121083	0
0.8466897851631916	0
0.8431323341853446	0
0.8396046473607377	0
0.8361063551567072	0
0.8326370938199064	0
0.8291965051937312	0
0.8257842127394064	0
0.8223998725968404	0
0.819043146547035	0
0.8157137115630626	0
0.8124112452900034	0
0.8091354212820018	0
0.8058859180087778	0
0.8026624192758227	0
0.7994645913234087	0
0.7962921315125524	0
0.7931447418195589	0
0.7900221309074663	0
0.7869240142776587	0
0.783850106763758	0
0.7808001257618981	0
0.7777737929008002	0
0.7747708117802633	0
0.771790932573498	0
0.7688339007241226	0
0.765899431265909	0
0.7629872694905218	0
0.7600971725995724	0
0.7572288940811189	0
0.754382187477127	0
0.7515567894750677	0
0.7487524850668087	0
0.7459690216451355	0
0.7432061796897103	0
0.7404637346673053	0
0.7377414436345819	0
0.7350391087258232	0
0.7323564890171421	0
0.7296933781311229	0
0.7270495724139888	0
0.7244248484818626	0
0.721819019952839	0
0.7192318615712298	0
0.7166631784945432	0
0.7141127845849827	0
0.7115804847434323	0
0.7090660670659602	0
0.7065693683510852	0
0.7040901812235707	0
0.7016283316284414	0
0.6991836445039004	0
0.6967559268097563	0
0.6943450112519052	0
0.6919507267006928	0
0.6895728896614943	0
0.6872113459019916	0
0.6848659209373097	0
0.6825364470107748	0
0.6802227730760345	0
0.677924727712406	0
0.6756421689772215	0
0.6733749202358864	0
0.6711228311173963	0
0.6688857626014773	0
0.6666635642175616	0
0.6644560695372334	0
0.6622631576455016	0
0.6600846642309985	0
0.6579204557301354	0
0.6557703986999581	0
0.6536343541921117	0
0.6515121664149864	0
0.6494037228424051	0
0.6473088924060315	0
0.6452275241258402	0
0.6431594900871359	0
0.6411046712454882	0
0.639062946244451	0
0.6370341897766665	0
0.6350182783161316	0
0.6330150717378332	0
0.6310244644129684	0
0.6290463475836002	0
0.6270806030831612	0
0.6251270964686866	0
0.6231857153962204	0
0.6212563486830851	0
0.6193388959991395	0
0.6174332480674668	0
0.6155392957647328	0
0.6136569314642745	0
0.6117860313048281	0
0.6099265058717863	0
0.6080782604446752	0
0.606241174197637	0
0.6044151476565308	0
0.6026000921763733	0
0.6007959106217117	0
0.5990025051039527	0
0.5972197618342607	0
0.5954476051426991	0
0.593685927171785	0
0.5919346466409957	0
0.5901936684737389	0
0.5884628964836259	0
0.5867422519989581	0
0.58503163747387	0
0.5833309783210493	0
0.5816401700772025	0
0.5799591297103768	0
0.5782877841071971	0
0.5766260490404956	0
0.5749738414302741	0
0.5733310627235679	0
0.5716976476887555	0
0.5700735225670407	0
0.5684585910298865	0
0.5668527764673544	0
0.5652560133609545	0
0.5636682260492166	0
0.5620893245750302	0
0.5605192537379915	0
0.5589579224306589	0
0.5574052641527989	0
0.5558612132948065	0
0.554325697944768	0
0.5527986311692356	0
0.5512799622661081	0
0.5497696235328808	0
0.5482675299872594	0
0.5467736155372631	0
0.545287820868716	0
0.5438100842501771	0
0.5423403398296358	0
0.5408785226307338	0
0.5394245529027912	0
0.5379783797027704	0
0.5365399487516146	0
0.535109197199662	0
0.5336860477134886	0
0.5322704412301612	0
0.5308623191161836	0
0.5294616313725876	0
0.5280683199768086	0
0.5266823264284214	0
0.5253035929774902	0
0.5239320474484496	0
0.5225676467757353	0
0.521210342609559	0
0.5198600638547529	0
0.5185167572199081	0
0.5171803780434799	0
0.5158508742783132	0
0.5145281925977606	0
0.5132122655566079	0
0.5119030582677693	0
0.5106005072225095	0
0.5093045713247618	0
0.508015198074761	0
0.5067323322877154	0
0.5054559344672098	0
0.504185948604787	0
0.5029223267359572	0
0.5016650282389407	0
0.5004139942723833	0
0.49916918770742613	0
0.49793056355769755	0
0.4966980632550187	0
0.49547165809924004	0
0.4942512877610745	0
0.4930369135449585	0
0.4918284969940988	0
0.49062598497875537	0
0.48942933922810256	0
0.48823851984261674	0
0.487053475130919	0
0.48587417384946446	0
0.48470056927307875	0
0.4835326173165112	0
0.4823702854812488	0
0.48121352556111874	0
0.4800622993238425	0
0.47891657259622916	0
0.47777629573699193	0
0.476641439618321	0
0.475511966465784	0
0.4743878254754006	0
0.4732689953506176	0
0.47215542399386945	0
0.4710470805631008	0
0.46994393311020854	0
0.4688459353776075	0
0.4677530646348208	0
0.46666527070222236	0
0.4655825221188531	0
0.4645047908762382	0
0.4634320417034319	0
0.46236422644362984	0
0.461301327969692	0
0.4602432991406654	0
0.4591901142285679	0
0.4581417403243469	0
0.45709813751785605	0
0.4560592831677618	0
0.45502513902156705	0
0.45399567188305356	0
0.45297085710953666	0
0.45195065528048795	0
0.45093504637664833	0
0.4499239856357139	0
0.44891744509371784	0
0.44791540250285866	0
0.44691782730583796	0
0.4459246767461457	0
0.44493593836087036	0
0.4439515691342133	0
0.4429715462109393	0
0.44199584485978755	0
0.4410244274645718	0
0.44005727161100827	0
0.43909435077617115	0
0.43813562961713215	0
0.4371810904696563	0
0.4362307006284931	0
0.43528443149852053	0
0.4343422632570215	0
0.4334041617408964	0
0.4324701111763115	0
0.431540072131071	0
0.43061402126638576	0
0.42969194065890465	0
0.4287738043709597	0
0.42785957465876745	0
0.42694924287539204	0
0.42604277105444527	0
0.4251401406564978	0
0.42424133100442796	0
0.42334630896283926	0
0.4224550628355116	0
0.421567555798601	0
0.4206837675588313	0
0.41980368130305784	0
0.41892727338857816	0
0.41805450841203967	0
0.41718537957563984	0
0.41631985166496854	0
0.41545790850523917	0
0.4145995311234163	0
0.41374468838915024	0
0.41289337074879273	0
0.4120455437552257	0
0.41120118948451995	0
0.41036029265794693	0
0.4095228316626009	0
0.4086887733724206	0
0.40785811204193295	0
0.4070308152092637	0
0.40620686917719034	0
0.4053862540189927	0
0.40456894319403364	0
0.4037549255927806	0
0.4029441762365948	0
0.40213667413745247	0
0.4013324007891776	0
0.7225367874057503	0
0.7445252498795782	0
0.7724574460491417	0
0.7960254321140416	0
0.8142298562114854	0
0.8282356703588645	0
0.8405987888288401	0
0.8537663032094052	0
0.8681894374244092	0
0.8835062828631541	0
0.8992936618763651	0
0.9149004220732404	0
0.9299057155754552	0
0.9441302411479358	0
0.957211773609499	0
0.9695391321716305	0
0.9816972560836562	0
0.9934955610667645	0
1.004572290501773	0
1.0149291871448343	0
1.0246738571280198	0
1.0339117430120415	0
1.0424869130763161	0
1.0504112877439333	0
1.0577563289875065	0
1.0645715561362907	0
1.070883095078516	0
1.0766950064030514	0
1.0817742463961941	0
1.0860932050428374	0
1.0905337429431847	0
1.0951445373291642	0
1.0996069125324726	0
1.1037945499833932	0
1.1077189803963232	0
1.1114120441360558	0
1.1149162725723967	0
1.1182753259325775	0
1.1215264523633417	0
1.1246978821083258	0
1.1278041146993194	0
1.1308546897405354	0
1.1338506093756369	0
1.136793087022326	0
1.1396809467140028	0
1.142512004888853	0
1.145283541216751	0
1.1479908894311537	0
1.1506303045347053	0
1.1531996840675416	0
1.155698083763048	1
1.1581254866348618	1
1.1604826480060106	1
1.1627708762660174	2
1.1649918268219057	2
1.1671475530123505	2
1.1692379652209854	2
1.1712648863664732	3
1.1732304461485032	3
1.1751353788437477	3
1.176979027795075	4
1.1787613061387854	4
1.1804825107315262	4
1.182143331010883	6
1.183744990839929	6
1.1852868227212552	7
1.1866942440906232	7
1.1879121446831256	7
1.1889292618369738	7
1.1897829001662215	7
1.1905414611005978	7
1.1912185636744645	7
1.1917895549977833	8
1.1922954850288645	10
1.192749186423023	10
1.1931576509662745	10
1.19356243229378	10
1.1940125344233685	10
1.1945120814856776	10
1.1949750845735894	11
1.1953292191204976	12
1.195569804705662	13
1.195668008891909	13
1.1956982975184252	13
1.195612956608639	14
1.195440712674918	16
1.1952735464156352	16
1.1950945216200166	16
1.1948701991279451	16
1.194608614980077	17
1.1942922872152328	17
1.1939512196215238	17
1.19361892523351	17
1.1932802649380372	17
1.1929278237652925	18
1.1925777007090994	18
1.192224739464308	18
1.1918176271749328	17
1.1913013328567885	17
1.1905990974607557	17
1.1896974133886875	17
1.1886413962513742	17
1.1874910768473417	16
1.186275344257349	17
1.1849955888824442	17
1.1837077453294451	17
1.1824733890341201	17
1.1813297868822554	17
1.180280809748427	16
1.179302315038065	15
1.178379036826202	15
1.1774982071571258	15
1.176651232302627	15
1.1758424958401008	15
1.1750770288961598	14
1.1743750553625734	14
1.1737397662885094	12
1.173163792788266	12
1.1726435444361414	12
1.1721583811875727	12
1.1716877037634488	12
1.1712472531611382	12
1.170878409757229	12
1.1705759645706317	11
1.170336565630652	11
1.1701520031774852	11
1.1700004437537803	11
1.1698462720317189	11
1.1696913665687305	11
1.1695397331544684	10
1.1694042519306604	10
1.1692927051351214	10
1.1692113233663655	10
1.1691613926499604	10
1.1691466341843513	10
1.1691689058581058	9
1.1692199408630661	9
1.1688168843308222	8
1.167991636262674	8
1.1672368074737554	8
1.1665349127624307	8
1.165883390471676	7
1.1652827543869826	7
1.164231335310085	7
1.1631484848388034	7
1.1620395558401577	7
1.1609130052585341	5
1.1598140816081917	5
1.1587664307699808	5
1.1577726761952578	4
1.1563620825406662	4
1.1549668140176275	4
1.15315958790922	4
1.1508923256774752	4
1.1485728115061948	3
1.1462236618012345	3
1.1434975814162427	3
1.1408356927244365	3
1.1381814694979364	2
1.1350994531040948	2
1.13201595684095	2
1.1289732235552121	1
1.1255725315212166	1
1.1222435722193493	1
1.1189589813811112	1
1.1156948439238172	1
1.1124658957448776	1
1.1093302574922528	1
1.1062745312045315	1
1.1032697973532812	0
1.1002904012754597	0
1.0969448264379666	0
1.0936343802089767	0
1.0903793051325976	0
1.087179379643407	0
1.0840264562281539	0
1.0809061694936868	0
1.0778095083417714	0
1.07473911371052	0
1.0713408065991419	0
1.067986193470501	0
1.064669842200919	0
1.0613849114270306	0
1.0581287231374619	0
1.0545528306592498	0
1.0510151224865356	0
1.047515737307776	0
1.0440515628093912	0
1.0406191634325075	0
1.0372171198971813	0
1.0338461501533334	0
1.0305084381856238	0
1.0265422340583497	0
1.022614564277888	0
1.0187235140220716	0
1.0148683659022302	0
1.0110494985796796	0
1.0072672377889638	0
1.0035216678964074	0
0.9994912829420929	0
0.9951619525226163	0
0.9908731897010231	0
0.9866250843605135	0
0.9824175410440662	0
0.9782499186958127	0
0.9741213031990729	0
0.9700309826511976	0
0.965978648048711	0
0.9616787507084728	0
0.9574189534975102	0
0.953198700144246	0
0.9487109412065339	0
0.9442648167596263	0
0.939859980315582	0
0.9354960310031837	0
0.9311724202211652	0
0.9268884760960576	0
0.9226435085305489	0
0.9184369808705685	0
0.91426842529621	0
0.9101373661439972	0
0.9060432747021319	0
0.9019855847484269	0
0.8979637882660985	0
0.8939774375378652	0
0.890026122987525	0
0.8861094131476369	0
0.8822268503839914	0
0.8783779857691767	0
0.8745623615656264	0
0.8707795684101325	0
0.8670292005753322	0
0.8633108194417856	0
0.859624024000457	0
0.8559684040611604	0
0.8523435814336737	0
0.8487491885263713	0
0.8451848577913312	0
0.8416502542257559	0
0.8381449963858919	0
0.8346687303113326	0
0.8312210960189496	0
0.8278017464790982	0
0.8244103285160104	0
0.8210465177407612	0
0.8177099772416171	0
0.814400367859084	0
0.8111173814934614	0
0.8078607095167759	0
0.8046300440291476	0
0.8014250572783448	0
0.7982454544526689	0
0.7950909345772854	0
0.7919612198088788	0
0.7888560112908517	0
0.7857750886328464	0
0.782718070034825	0
0.7796850172937778	0
0.776675240587966	0
0.7736884833082732	0
0.7707245607748163	0
0.7677834578860316	0
0.7648645732492494	0
0.7619676988124424	0
0.7590927471901717	0
0.756239341442097	0
0.753407362245378	0
0.7505964669478208	0
0.7478064666048523	0
0.7450371048565675	0
0.7422882016083854	0
0.7395594684661836	0
0.7368507638261117	0
0.7341617806746186	0
0.731492385849449	0
0.7288422836561173	0
0.7262113545365374	0
0.7235993010728693	0
0.7210059788857158	0
0.7184311429345276	0
0.7158747190866576	0
0.7133363280976092	0
0.7108158745885064	0
0.7083131605489267	0
0.7058281575645272	0
0.7033604104527075	0
0.7009098394288598	0
0.6984764120515015	0
0.6960596913705989	0
0.6936596293792278	0
0.6912761846919642	0
0.6889089405752131	0
0.6865578580717322	0
0.6842228772750463	0
0.6819036080655628	0
0.6796000000716798	0
0.677311971273819	0
0.6750392254503697	0
0.6727817280375417	0
0.6705392348514168	0
0.6683117335721795	0
0.6660988751507402	0
0.6639006353360618	0
0.6617168463224402	0
0.6595474724013294	0
0.6573921705084077	0
0.6552509201080043	0
0.6531235713761093	0
0.6510100581765389	0
0.6489101774650777	0
0.6468237478203653	0
0.6447507862209917	0
0.6426909980151382	0
0.6406443300144055	0
0.6386106826899097	0
0.6365899809409422	0
0.6345819309086268	0
0.6325864966343683	0
0.6306036946892142	0
0.6286331538567116	0
0.6266749176556784	0
0.6247288400782598	0
0.6227949056055349	0
0.6208727612620664	0
0.6189625185758371	0
0.6170639762988499	0
0.6151771577711029	0
0.6133016921185366	0
0.6114376950368356	0
0.6095849735200433	0
0.6077435495719388	0
0.6059130823745911	0
0.6040936557731299	0
0.6022850895625955	0
0.6004874347336224	0
0.5987003553443605	0
0.5969240091832195	0
0.5951580421359638	0
0.5934026128536598	0
0.5916573874400535	0
0.5899225182172259	0
0.5881976848551804	0
0.5864830246439262	0
0.5847782291405612	0
0.5830834144680715	0
0.5813983067310247	0
0.5797230015130334	0
0.5780572204343398	0
0.576401093437202	0
0.5747543223263464	0
0.5731170433515492	0
0.5714889657795852	0
0.5698702076499492	0
0.568260512141992	0
0.5666599547359852	0
0.5650683175533581	0
0.5634856762735675	0
0.561911792062404	0
0.5603467727634479	0
0.5587903453958497	0
0.5572426519196653	0
0.5557034001198881	0
0.5541727349028174	0
0.5526503756732579	0
0.5511364493834667	0
0.5496307094873161	0
0.5481332786462197	0
0.546643874516659	0
0.5451626409711855	0
0.5436893269992146	0
0.542224047733411	0
0.5407665493035704	0
0.5393169612838578	0
0.537875025725374	0
0.5364408910717329	0
0.5350142771659545	0
0.5335953251257427	0
0.5321837999483491	0
0.5307798060579003	0
0.5293831327698022	0
0.5279938326561429	0
0.5266117617724001	0
0.5252369651232212	0
0.523869263297526	0
0.522508741430068	0
0.5211551902092137	0
0.5198087165824539	0
0.5184691028495895	0
0.5171364599896833	0
0.5158105655160394	0
0.5144915354825162	0
0.5131791496782259	0
0.5118735365693712	0
0.5105744581134541	0
0.5092820409982393	0
0.5079960768602216	0
0.5067166647599174	0
0.5054436161486944	0
0.5041769935105888	0
0.5029166659663026	0
0.5016626705082319	0
0.5004148681456708	0
0.4991732954472044	0
0.4979378396955524	0
0.4967085184898485	0
0.4954852229089262	0
0.4942679538733703	0
0.4930566325005656	0
0.49185126931579487	0
0.49065174534013384	0
0.4894581045051848	0
0.48827021001353244	0
0.48708812480470876	0
0.4859116933538494	0
0.48474097462033217	0
0.48357584932658565	0
0.4824163403125487	0
0.48126235237121	0
0.4801139126502681	0
0.47897089464151865	0
0.47783335586946185	0
0.47670115951456044	0
0.4755743574419995	0
0.474452838960944	0
0.4733366138321865	0
0.4722256149132365	0
0.4711198568314703	0
0.47001921457772133	0
0.46892374763408884	0
0.4678333409898283	0
0.4667480366923915	0
0.46566771283429337	0
0.4645924133601711	0
0.4635220404219466	0
0.4624566117084179	0
0.4613960471539863	0
0.4603403745044006	0
0.4592894746818184	0
0.4582434144147754	0
0.45720205663934627	0
0.45616546542852526	0
0.4551335302681599	0
0.45410628124725155	0
0.45308363526112577	0
0.45206560422447567	0
0.45105211912306536	0
0.45004320370941703	0
0.44903874737200783	0
0.4480388146815901	0
0.4470432769447952	0
0.44605219370227317	0
0.4450654662995645	0
0.444083127999826	0
0.443105080830639	0
0.44213135496665	0
0.4411618789099545	0
0.4401966760800398	0
0.43923565230560124	0
0.4382788527725275	0
0.4373261811514784	0
0.43637767797973864	0
0.4354332473321788	0
0.4344929306229239	0
0.4335566320124749	0
0.4326243982342833	0
0.43169612095995236	0
0.4307718551352453	0
0.4298515048864615	0
0.4289351184990351	0
0.42802259120067004	0
0.4271139770334009	0
0.42620918159478005	0
0.4253082360180574	0
0.4244110764978129	0
0.423517704826247	0
0.42262807854626894	0
0.42174219589340345	0
0.42085999745317565	0
0.4199815172519465	0
0.41910665344662995	0
0.41823547771911873	0
0.4173678647434804	0
0.416503886145973	0
0.4156434469501668	0
0.4147865785264595	0
0.41393321946596556	0
0.4130833783970436	0
0.412237007464202	0
0.4113941190417164	0
0.41055464101810374	0
0.4097186087171714	0
0.4088859500511045	0
0.40805670635792096	0
0.4072307757585782	0
0.4064082206585753	0
0.4055889532505581	0
0.40477300254018983	0
0.4039603175543876	0
0.4031509047188577	0
0.40234460290942003	0
0.7106202930973244	0
0.7068628996681239	0
0.7149842307399014	0
0.7288732483768119	0
0.7448139217584817	0
0.7616633413069586	0
0.7800873922514201	0
0.7997374930626606	0
0.8201223273225229	0
0.8407332676550527	0
0.8610767297896904	0
0.8807788677303228	0
0.8996708238454112	0
0.9176237055868766	0
0.9345418307432447	0
0.9504326949241536	0
0.9653292269149173	0
0.9792539316094382	0
0.9922366185258024	0
1.0043306966433956	0
1.0155979242636872	0
1.0261077849547644	0
1.0359260858577821	0
1.0450844782217887	0
1.053628732322828	0
1.061590654519437	0
1.069003693108863	0
1.0759053013532094	0
1.0823284284394268	0
1.0882990305550833	0
1.0938183888330062	0
1.098872521911763	0
1.1033383274121662	0
1.107340326643527	0
1.1113422676957636	0
1.115228576669245	0
1.1188602269793435	0
1.122216608179749	0
1.1253183459217664	0
1.1281943018349962	0
1.1308807096248983	0
1.1334152794818562	0
1.1358372083464194	0
1.1381731624949363	0
1.1404381177049163	0
1.1426412580008796	0
1.144789540326872	0
1.1468842529530163	1
1.1489283003073303	2
1.1509260168115765	2
1.1528844547467472	3
1.1548084591900685	3
1.1567012806323569	4
1.1585650633323161	4
1.160399493345758	4
1.1621982111468128	4
1.1639538157004348	5
1.1656646202702456	5
1.1673072160770899	6
1.168842006494469	8
1.1702521287174277	9
1.1715465902426503	10
1.172760305334852	10
1.173929689590151	11
1.175040308489326	12
1.1761207571369046	13
1.1771898734385775	14
1.1782580514041723	16
1.1793314398108914	16
1.1803928986756245	18
1.181425888781555	18
1.1824270513143935	19
1.1833917438241301	20
1.1842904143870088	20
1.185090174533404	22
1.1857788106630327	22
1.1863714391276858	23
1.1868737616774419	24
1.187294518514122	26
1.1876489519404092	26
1.1879053694178936	27
1.188078731002389	27
1.1881493355233472	29
1.1880907840339598	29
1.18791529462044	29
1.1875869698820773	29
1.1871181208321016	30
1.1865358824743513	32
1.1858545591488514	32
1.1850833625965773	32
1.1842460964036323	34
1.1833644325204067	35
1.1824632825959953	33
1.1815032141949553	33
1.1805007886510615	34
1.1794009815583237	35
1.1781382629897004	35
1.176709755899814	35
1.1751587381736668	35
1.1735617077274603	34
1.171946577146813	34
1.1703067506476132	33
1.1687351265467918	34
1.167232681091025	34
1.165678826559231	34
1.164026702187057	33
1.1623073075620758	32
1.1605702294583327	31
1.158837631306623	31
1.1571122828531006	31
1.1553323120185726	31
1.1534378118686028	30
1.1516893715232728	29
1.1500280833608776	28
1.1484052069141684	28
1.1468375325291793	27
1.1453558784861004	27
1.1439932828109727	27
1.1427904528305528	27
1.1417283422130542	24
1.1407608415633255	24
1.139834258841352	24
1.1389276967488204	24
1.1381159565180985	22
1.13738670315472	22
1.136670587333511	21
1.135958667401616	20
1.1352640572304682	19
1.1346398390471737	19
1.1340811255264098	18
1.1335611042754334	18
1.1330622865594338	17
1.1325507892503486	17
1.1320066605045427	16
1.1312241727988714	15
1.130538190374185	14
1.1299409431758949	14
1.1294090658208176	14
1.1286686025298056	13
1.1279695556262659	11
1.1273222858608303	11
1.1267294364513087	9
1.1261861701156544	10
1.125438244850477	10
1.1246792521168856	10
1.1239284937998049	7
1.1232674214313798	7
1.122455711636068	7
1.121671618037802	6
1.1208892396822332	6
1.119899232092696	5
1.1187229330686859	5
1.1176150927026407	5
1.1165547436532852	4
1.1155162394255438	4
1.1142826118704585	4
1.1130799401411835	4
1.1119173266483826	4
1.1107859964667588	4
1.1096727661880414	4
1.1081575200303784	4
1.1066328688773903	4
1.1049084494757984	3
1.1028335654375154	1
1.1008097310991836	1
1.0988198540370684	1
1.0968576106056878	1
1.0947370068220281	1
1.092658829662336	1
1.0905967739069344	1
1.0881549130724124	1
1.0857563212389447	1
1.0832138912509353	1
1.0805259134793337	1
1.0778688184387746	1
1.0752362500182364	1
1.0726260886726744	1
1.070043891437237	1
1.067120918445408	1
1.0640578547112478	0
1.060868713390246	0
1.0577162992445441	0
1.0545966598512877	0
1.0513396007628615	1
1.0477665785894261	1
1.0442385634772025	1
1.0407531417808067	1
1.037142483088193	1
1.0335777416687955	1
1.0298917807310892	1
1.0259134557375382	1
1.021977711751783	1
1.0179165977399405	1
1.0138953006811522	1
1.00991333428109	1
1.0059720330878807	1
1.002074147324822	1
0.9980679983027564	1
0.9939504432457767	1
0.9898804348816542	1
0.9858569128795046	1
0.9818802214251388	1
0.9778033208308707	1
0.973770407499493	1
0.9697793072705861	1
0.9656748482790669	1
0.961609654338759	1
0.9574247727947746	1
0.9531323554635681	0
0.9488810184922725	0
0.9446753771409825	0
0.9405159227133765	0
0.9364013479656169	0
0.9323303501332038	0
0.9283017156622737	0
0.9243143402794027	0
0.920367252691214	0
0.9164595958362175	0
0.9125906375265731	0
0.908759742660976	0
0.9049663506069502	0
0.9012099703324886	0
0.897490156994822	0
0.8938064958028582	0
0.8901585938484811	1
0.8865461725514915	1
0.8829692370340889	1
0.8794272263371867	1
0.8757881865797144	1
0.8721809044589417	1
0.8686039932153409	1
0.8650565022145413	1
0.861537765251295	2
0.8580473219423206	2
0.854584744219458	2
0.8511495850468125	2
0.8477415071617872	2
0.8443604748587431	2
0.8410069700749861	2
0.8376820097174156	2
0.834386718268431	2
0.8311219071773989	1
0.8278880002736314	1
0.8246851051800068	1
0.8215131511033757	1
0.8183719201427551	1
0.8152610522843605	1
0.8121800389107895	1
0.8091282281467316	1
0.80610483745441	1
0.8031089742539725	1
0.8001396504676609	1
0.7970684279757353	1
0.7940227712274599	1
0.7910017722379188	1
0.7880046391961384	1
0.785030764452251	1
0.7820801107203157	1
0.7791554884642001	1
0.7762593181572578	0
0.7733909747574788	0
0.7705491807921667	0
0.7677328034069416	0
0.7649408762149575	0
0.7621726132442489	0
0.7594274376416571	0
0.7567049291868893	0
0.7540047696986364	0
0.7513266871695301	0
0.7486704618876273	0
0.7460358799277649	0
0.7434227018535513	0
0.7408307073098073	0
0.7382596860004339	1
0.7357095002506984	1
0.7331802985002113	1
0.730672188508826	1
0.728185293528949	1
0.7257197208242294	1
0.7232755398142888	1
0.7208528190623806	1
0.7184515525001124	1
0.7160717045351719	1
0.713713168181563	1
0.7113757513924575	1
0.7090592218674427	1
0.7067632505536358	1
0.7044874733241406	1
0.7022314573649608	1
0.6999947496181331	1
0.6977768498611856	1
0.6955772679083689	1
0.6933955159378058	1
0.6912311114173133	0
0.6890835611522886	0
0.6869523994557591	0
0.6848372135030415	0
0.6827376180837474	0
0.6806532817250704	0
0.6785839062923306	0
0.6765292098053227	0
0.6744889184689269	0
0.6724628009290889	0
0.6704506340972123	0
0.6684521915413754	0
0.6664672764727653	0
0.6643982305441207	0
0.6623429806342677	0
0.6603013359303859	0
0.6582731363816681	0
0.6562582229305701	0
0.6542564251617597	0
0.6522675974343813	0
0.6502915991169124	0
0.6483282762975908	0
0.6463775044319385	0
0.6444391367316199	0
0.642513054134161	0
0.6405991219749112	0
0.6386972200355545	0
0.6368072262627182	0
0.6349290203076384	0
0.6330624898540904	0
0.6312075152596862	0
0.6293639927685268	0
0.6275318033694793	0
0.6257108496565378	0
0.6239010138037802	0
0.6221021996450629	0
0.6203143067856144	0
0.6185372223407123	0
0.6167708590671489	0
0.6150151195479414	0
0.6132698947877064	0
0.6115350906221446	0
0.6098106222236909	0
0.608096396212583	0
0.6063923201995741	0
0.6046035563290819	0
0.6028253133748206	0
0.6010575059367654	0
0.5993000418983374	0
0.5975528190310724	0
0.5958157491231352	0
0.594088749227966	0
0.5923717359213468	0
0.5906646224949268	0
0.5889673233856153	0
0.5872797429152383	0
0.5856018025610913	0
0.5839334289573266	0
0.58227453997489	0
0.5806250435512174	0
0.5789848611323761	0
0.5773539209629931	0
0.5757321472599108	0
0.5741194626521762	0
0.5725157798423544	0
0.5709210319969111	0
0.569335149514394	0
0.5677580473534343	0
0.5661896562771795	0
0.5646299106570027	0
0.5630787388146726	0
0.5615360592934323	0
0.5600018119909559	0
0.5584759311324791	0
0.5569583373932117	0
0.5554489661150321	0
0.5539477577490237	0
0.5524546458556383	0
0.5509695543475888	0
0.5494924286071282	0
0.5480232072595397	0
0.5465618161647896	0
0.5451081948919241	0
0.5436622891855372	0
0.542224037380716	0
0.5407933682925661	0
0.5393702326415637	0
0.5379545629614855	0
0.5365463094680966	0
0.5351454071515519	0
0.5337518067520787	0
0.5323654406423003	0
0.5309862577497879	0
0.5296142062597322	0
0.5282492306693803	0
0.5268912661284141	0
0.525540266043062	0
0.5241961815052959	0
0.5228589591195524	0
0.5215285362635796	0
0.5202048621444408	0
0.5188878894018746	0
0.5175775714796262	0
0.5162738577538709	0
0.5149766982421062	0
0.5136860337585198	0
0.5124018206782426	0
0.5111240178003824	0
0.5098525670358139	0
0.5085874265182706	0
0.5073285528669622	0
0.5060758899079416	0
0.5048294030651352	0
0.503589036607288	0
0.5023547532860385	0
0.501126504432496	0
0.49990425217485873	0
0.49868794271543077	0
0.4974775366444909	0
0.4962729957059501	0
0.495074277044791	0
0.49388132892372155	0
0.4926941177126926	0
0.49151260535213886	0
0.49033674114377007	0
0.4891664873519695	0
0.4880018098519414	0
0.48684266853117775	0
0.48568901452248625	0
0.4845408172685051	0
0.483398040720833	0
0.48226063699031085	0
0.4811285705147259	0
0.4800018100576225	0
0.4788803180509884	0
0.4777640482920463	0
0.47665297298505666	0
0.4755470581008789	0
0.47444625833798243	0
0.473350539965169	0
0.4722598744994412	0
0.47117422671857356	0
0.4700935528824004	0
0.469017828142878	0
0.46794701132392635	0
0.4668810766803531	0
0.4658199850308129	0
0.464763710429301	0
0.46371221083620046	0
0.46266545822500077	0
0.4616234240538969	0
0.4605860761953117	0
0.45955337415895287	0
0.4585252934468682	0
0.45750180681502745	0
0.45648287443936897	0
0.455468469422826	0
0.4544585663285197	0
0.45345312777339	0
0.4524521330413967	0
0.4514555436353477	0
0.4504633361563194	0
0.4494754837147163	0
0.44849194886540883	0
0.44751271349856536	0
0.4465377406984044	0
0.4455670096936477	0
0.44460048895882964	0
0.44363815206655927	0
0.44267997355222855	0
0.4417259226468967	0
0.44077597864146656	0
0.4398301085505666	0
0.43888829389457007	0
0.4379504998344643	0
0.43701670563924605	0
0.4360868882059672	0
0.4351610138143333	0
0.4342390672981433	0
0.43332101495405234	0
0.43240683847214734	0
0.43149651426532687	0
0.4305900095657996	0
0.4296873091747823	0
0.4287883898509184	0
0.4278932194013993	0
0.427001775277717	0
0.42611404098107686	0
0.42522999307067594	0
0.42434960032122904	0
0.4234728490445877	0
0.4225997093241426	0
0.4217301657824321	0
0.420864196238411	0
0.420001770457706	0
0.4191428748088503	0
0.4182874888506054	0
0.41743558282621074	0
0.4165871368324302	0
0.4157421359378705	0
0.4149005588844543	0
0.41406237680027	0
0.4132275773290366	0
0.41239613365716615	0
0.41156803242741147	0
0.41074324824515696	0
0.4099217617486666	0
0.5580969414196135	0
0.5569025070748226	0
0.5758650713910344	0
0.6032562776832519	0
0.633378559118717	0
0.6651072827611394	0
0.6966888400064067	0
0.7273202144535448	0
0.756726606323686	0
0.784575172292161	0
0.8108006179068711	0
0.8353465147421547	0
0.8582178570083288	0
0.8794691071437775	0
0.8991514598530582	0
0.9172776579627993	0
0.9340257153674766	0
0.9495333813689449	0
0.9639109124595984	0
0.9772543609860233	0
0.9896462686605031	0
1.0011596260761162	0
1.0118679350899844	0
1.0218424875780585	0
1.031144443655172	0
1.0398203851351402	0
1.0478934353310065	0
1.0553780196757276	0
1.0621492919673017	0
1.068335287531768	0
1.0743267083143302	0
1.0801586336769826	0
1.0856729079368805	0
1.0908606449351674	0
1.0957323091457825	0
1.1003282346490266	0
1.1046652825798127	0
1.1087928779208736	0
1.1127559431651688	0
1.1165749648032348	0
1.1202644480285013	0
1.123822123191973	0
1.127247640524741	0
1.1305421820570514	0
1.1337090140642108	0
1.1367599780504822	0
1.1397124103550853	1
1.1425718793305324	1
1.1453396088529433	1
1.1480146421267885	2
1.1505984387632093	2
1.1530948267735621	3
1.1555043335012944	5
1.1578284980739513	5
1.160069136939811	5
1.162228789926697	5
1.1643100715408938	5
1.166316190020058	5
1.1682506877928973	6
1.170085264138903	7
1.1718090316072463	8
1.1734210251867714	8
1.1749405205861496	8
1.1763932731547693	10
1.1778013401168093	10
1.1791638263559705	10
1.1804425408668802	10
1.1816267545356998	10
1.1827410474180002	10
1.1837899106336596	11
1.1847297915509694	12
1.1855551348314404	12
1.1862679589377876	13
1.1868936910778056	14
1.187472798780077	15
1.18799861287488	16
1.1884180527171653	16
1.188704928204283	16
1.1888750501269492	17
1.1889219574667842	17
1.1888107469589762	18
1.1885311714842304	19
1.1880976861727743	19
1.1875544431609948	19
1.1869871836321548	20
1.1864736582639248	20
1.1860313780365046	20
1.1856518581809878	22
1.185319275673075	24
1.1850232713760784	24
1.1847174585978955	25
1.1843697863633125	25
1.183946862433059	25
1.1834846920091644	25
1.183037425198012	26
1.1826087540097974	26
1.1821655201938823	26
1.181683912900332	27
1.1811505362241244	27
1.1806119303510971	26
1.1800786558671017	26
1.179557940093166	27
1.1790377183194698	26
1.17850946636973	26
1.1779581331850109	25
1.1773503378155317	25
1.176754860308645	25
1.1763185081086815	24
1.1759553859804162	24
1.175583794234396	24
1.1751290376923225	23
1.1745846087287373	23
1.1739888191724523	22
1.173395594334173	21
1.1728691711595858	21
1.1724494248465114	20
1.172126000865899	20
1.1719068990496453	20
1.1717615789540219	19
1.171694293156061	18
1.171691205187542	18
1.1717329014442286	18
1.17180164025787	18
1.1718882907303232	17
1.1719540399539397	16
1.1719815803555367	15
1.1719956009566732	15
1.172011337923876	15
1.1720375170430208	14
1.172080531710986	14
1.1721365892598483	13
1.1721997159592084	13
1.1719436184253886	12
1.1717238431550607	11
1.171521292823407	10
1.1713236129669693	10
1.1711373644895582	10
1.170633796196794	9
1.1698464368992525	9
1.1690960354679225	8
1.1683760281692568	7
1.1676781491416564	7
1.1669907811459814	7
1.1659664102774883	6
1.164959619081416	6
1.1640066362116515	6
1.163097922272566	5
1.162214930262134	5
1.1610533444662516	5
1.1599182187651367	5
1.158810514969477	5
1.1577306365485562	4
1.1563887957668564	4
1.154793562974365	3
1.1529459522656025	3
1.1508698700550084	3
1.1488368018490618	3
1.1468437131190847	3
1.1448876399901817	3
1.1429673696322498	3
1.1410826899321838	2
1.1389549186900905	2
1.1368611127691441	2
1.1345390202907668	2
1.1319810854641295	1
1.129457142113321	1
1.1269651686971192	1
1.1242352403570384	1
1.121537151780923	1
1.1188674267140648	1
1.1162190856720107	1
1.1131600717204784	0
1.110141998800833	0
1.1071636312021078	0
1.1042244551434162	0
1.1008373751199574	0
1.0974945030703922	0
1.0939554280805166	0
1.0902266789761341	0
1.086544749855238	0
1.0829084540430516	1
1.0793169172301915	1
1.075537367084198	1
1.0713464702628497	1
1.0672080006759739	1
1.0631217686563497	1
1.0590875248269267	1
1.0551047657427497	1
1.0511727699435132	1
1.0472907685291337	1
1.0434604403579384	1
1.0392568655374073	1
1.0351072211412717	1
1.0310105164588217	1
1.0267446426870717	1
1.0225308823425043	1
1.018367736243761	1
1.014253708160626	1
1.0099776476178175	1
1.0057497403988402	0
1.00156858344352	0
0.9974328293700306	0
0.9933412688510955	0
0.989084679784098	0
0.9848723050956882	0
0.9807031612205029	0
0.9765763289665371	0
0.9724909449784619	0
0.9684461948148749	0
0.9644413073630728	0
0.960284160372368	0
0.9561672089625977	0
0.9518800907645466	0
0.9476337777691368	0
0.943427609847103	0
0.9392609499603145	0
0.9351331822976677	0
0.9310437106862602	0
0.9269919571113975	0
0.9229773605201445	0
0.9189993756148471	0
0.9150574718815916	0
0.9111511327079375	0
0.9072798545319747	0
0.903443146105207	0
0.8996405278460661	0
0.8958715312266675	0
0.8921356981971316	0
0.888432580702749	0
0.8847617402043764	0
0.8811227472929084	0
0.87751518126662	0
0.8739386297808976	0
0.8703926885526948	0
0.8668769610278324	0
0.8633910581295317	0
0.8599345979690881	0
0.8565072056138752	0
0.8531085128498805	0
0.8497381579455953	0
0.8463957853998942	0
0.8430810456201568	0
