0.567565358531822	1
0.5277035757509835	1
0.5132239091558604	1
0.5166965636731451	1
0.5316268469744728	1
0.553848381856596	1
0.5804273481688876	1
0.6091577089191741	1
0.6385644822727947	1
0.6677168731073634	1
0.6960446950667912	1
0.7232085369500447	1
0.7490144972163607	1
0.7733586739478724	1
0.7961948543400637	1
0.8175125255996119	1
0.8373213708168953	1
0.8556531350407732	1
0.8725771771193956	1
0.8882268719186115	1
0.9028154611895802	1
0.9165981550961095	1
0.9297791395744462	1
0.9424498902464346	1
0.9546099361749666	1
0.9662149411948031	1
0.9772224945978539	1
0.9876189729877284	1
0.9974143751624589	1
1.0066369512981268	1
1.0153289968364143	1
1.023542387924164	1
1.0313317960812232	1
1.0387464563632878	1
1.045817277692476	1
1.0525743804998111	1
1.0590241077940892	1
1.0651697807807747	1
1.0710127517688275	1
1.0765527480777317	1
1.0817873053454543	1
1.086710683486228	1
1.0913127873769357	1
1.095570305945418	1
1.0994672280567008	0
1.1029878016040437	0
1.106127367083646	0
1.1089110330163332	0
1.1114177473930613	0
1.1137770291793117	0
1.1161008326254294	0
1.1184325244881617	0
1.120744201546476	0
1.1229885614089419	0
1.1251343397634295	0
1.1271698732833437	0
1.1291041829148543	0
1.1309615710876944	0
1.1327300322468523	0
1.134405426498124	0
1.1359460668110324	0
1.1372881309330163	0
1.1382713691109878	0
1.138882125753037	0
1.1393422036972154	0
1.1398427550342203	0
1.1401873451680877	0
1.1403234115501923	0
1.140272352266392	0
1.14010603252094	0
1.139892865701914	0
1.1396209699798123	0
1.1392775816659853	0
1.1390349689499273	0
1.1389456788159484	0
1.1390194312979987	0
1.1392448344833195	0
1.1395859675646196	0
1.1399593763386477	0
1.1403410036642831	0
1.1407293241042715	0
1.1410831780301045	0
1.1413627297345421	0
1.1415226464539032	0
1.1415186662870456	0
1.1413243530526795	0
1.1408267453666707	0
1.1404190351985029	0
1.140299991894426	0
1.1403608794528506	0
1.1404957950807884	0
1.1406568974672822	0
1.1408820060175608	0
1.141160033700434	0
1.1414806203373102	0
1.1418002570171872	0
1.1421058080316713	0
1.1424286653085207	0
1.1427610938906472	0
1.1431147431260904	0
1.1435074226885826	0
1.1439535434079735	0
1.1444626769118136	0
1.1450393365863547	0
1.1456814877389339	0
1.1463691994034855	0
1.1470897165868241	0
1.1478338347405843	0
1.1485894039656384	0
1.1493410621716353	0
1.1500823584210433	0
1.1508073071408416	0
1.1514911145479627	0
1.1521337444987665	0
1.1527503063550097	0
1.1533516053782649	0
1.153955429288286	0
1.1544430252127764	0
1.1548288914494251	0
1.155130945233271	0
1.155369008779476	0
1.155564817125839	0
1.155741856327465	0
1.1559233176403139	0
1.156125624134828	0
1.156363979371866	0
1.156656428239188	0
1.1568964524897132	0
1.1570997129703207	0
1.1572787526029904	0
1.15744479847235	0
1.157606429944929	0
1.1577691002693278	0
1.157934713997818	0
1.1581027606991767	0
1.1582749315585037	0
1.1584524015977742	0
1.1586382323281907	0
1.1588391599263888	0
1.1590651337993356	0
1.1593259288526105	0
1.1596313116297514	0
1.1598883570234222	0
1.160108455895486	0
1.1602993036568023	0
1.1604714707178823	0
1.1606349919726644	0
1.1607978657484928	0
1.1609631172747557	0
1.1611315134681657	0
1.1613054597417336	0
1.1614856310472963	0
1.1616702185712733	0
1.1618620298615712	0
1.1620672044225138	0
1.1622953939774743	0
1.1624761191309612	0
1.1626224449191622	0
1.1627417693279776	0
1.1628405483662545	0
1.1629283431091402	0
1.16301751189036	0
1.1630358141459396	0
1.1630063082617068	0
1.162940231759348	0
1.1628433211467097	0
1.1627222542489921	0
1.1625828357149086	0
1.1624297556038352	0
1.162268336872095	0
1.162103082552746	0
1.1619355355549361	0
1.1617811561855602	0
1.1616516765618647	0
1.161478186738016	0
1.1612797627373643	0
1.161072380753847	0
1.1608755294705557	0
1.1606245017198786	0
1.160335610102298	0
1.1600195663634045	0
1.1596879164780223	0
1.1593498825521973	0
1.1590168721776715	0
1.1587046470419036	0
1.1583531233139714	0
1.1579914936695825	0
1.1576482599456221	0
1.157330333325061	0
1.1570571249116788	0
1.156824814396602	0
1.1566308541314578	0
1.1564757028057737	0
1.156286971960338	0
1.1560704083045898	0
1.1558348784871455	0
1.1555903112247772	0
1.1553496725672638	0
1.1551081724812142	0
1.1548639816591144	0
1.1546258054219893	0
1.1543962252000328	0
1.1541747615437201	0
1.1539589925878666	0
1.153739979875976	0
1.1535189305284739	0
1.15330238706035	0
1.1530984797551438	0
1.1529174482639482	0
1.152770519534153	0
1.1526667274312348	0
1.152618568454364	0
1.1525881862043386	0
1.1525775759663162	0
1.152523627092743	0
1.1524375290781612	0
1.1523296609373812	0
1.1522112577375463	0
1.1520926822460484	0
1.151982778769836	0
1.1518901380558135	0
1.1518242118185862	0
1.1517945224295092	0
1.1518092000925853	0
1.1518759499650018	0
1.1519573385999167	0
1.152057566883234	0
1.1521792968885218	0
1.1523242416089101	0
1.1524926378390274	0
1.1526822430790638	0
1.152887564901253	0
1.1531053195543621	0
1.1533310030161015	0
1.1535603877474945	0
1.153791212021611	0
1.1540219788350126	0
1.1542529711214393	0
1.1544873517793661	0
1.1547304180110936	0
1.154987468270504	0
1.1552651642658953	0
1.1555320097342354	0
1.1557923723108887	0
1.1560490759849484	0
1.1563045521683788	0
1.1565607060910095	0
1.1568160701681134	0
1.1570680997361888	0
1.1573132805290944	0
1.1575505723671193	0
1.1577789326478751	0
1.1579985030731252	0
1.158211685147353	0
1.1584224928616036	0
1.15863609823587	0
1.1588283045464667	0
1.1590016628002127	0
1.1591558134414306	0
1.1592916777145403	0
1.1594131681878155	0
1.1595260959683602	0
1.1596063042244318	0
1.159665020007518	0
1.1597090302263704	0
1.1597418893403706	0
1.1597650303094027	0
1.1597833755784621	0
1.1598012917955034	0
1.1598276840879942	0
1.1598713561691694	0
1.159938137024229	0
1.1600024796876016	0
1.1600678911057858	0
1.160143222448535	0
1.1602358720835784	0
1.1603503143351157	0
1.1604876830657866	0
1.1606436218056548	0
1.1607988628631583	0
1.1609631431510135	0
1.1611172855491965	0
1.1612651002649186	0
1.1614015573130474	0
1.1615218479483753	0
1.1616263621231904	0
1.161722065548041	0
1.1617872582786064	0
1.161831568464118	0
1.1618601693005977	0
1.161875227023514	0
1.1618762620388008	0
1.1618604151173362	0
1.1618318259444556	0
1.1617696424885713	0
1.1616887155958457	0
1.1615535459779114	0
1.1613774013800466	0
1.1611713029209256	0
1.1609458610270427	0
1.160709071856924	0
1.160468292990264	0
1.1602282603321943	0
1.1599912514052098	0
1.1597598751339555	0
1.1595353984101788	0
1.159318938033175	0
1.1591131047128158	0
1.1589236373542477	0
1.1587565547622876	0
1.1586192542219542	0
1.1585171499101106	0
1.1584060201257989	0
1.158294686719137	0
1.1581921268071145	0
1.158107712172082	0
1.1580207946939443	0
1.1579382853910472	0
1.157865221739253	0
1.1578042536009403	0
1.1577541000167741	0
1.1577146270195973	0
1.1576854771389606	0
1.1576670594860206	0
1.157659878548172	0
1.1576653933347192	0
1.1576864731952494	0
1.1577268345363267	0
1.157790041678855	0
1.1578804132917944	0
1.1579564048051625	0
1.158022098254683	0
1.1580805199272426	0
1.1581347197775225	0
1.15818776370118	0
1.1582420349319107	0
1.158295874285506	0
1.1583465812649527	0
1.1583913005169202	0
1.1584270938579133	0
1.1584521043259348	0
1.1584658629815796	0
1.1584696237800949	0
1.1584313725234259	0
1.158358537236246	0
1.1582585754717571	0
1.1581412847967754	0
1.1580189124373204	0
1.1579051339802713	0
1.15777114579573	0
1.1575925712168875	0
1.1573805533313202	0
1.1571438363562285	0
1.1568964481183885	0
1.1566523834420999	0
1.1564169569387146	0
1.1561899763040189	0
1.1559692270489508	0
1.1557543847818856	0
1.1555111873972457	0
1.1552458475013463	0
1.15497183643798	0
1.1547034684077506	0
1.1544507769900174	0
1.1542211576086605	0
1.1540174674823187	0
1.1538045108929627	0
1.1535850607711644	0
1.1533639960222808	0
1.1531141137513097	0
1.1528458534987398	0
1.1525669777314067	0
1.1522839013969737	0
1.1519995913075343	0
1.1517170190682449	0
1.1514393309405941	0
1.1511761341275664	0
1.150931025158997	0
1.1507067541792226	0
1.150468151024535	0
1.1502221884671546	0
1.149975062616199	0
1.1497339729745957	0
1.1495034266337654	0
1.1492877702965978	0
1.149062230706085	0
1.1488330814492478	0
1.1485684160738754	0
1.148275404188731	0
1.147957529309195	0
1.147620231738625	0
1.1472692151444002	0
1.1469114617846308	0
1.1465533910623824	0
1.1462040452779954	0
1.14587316482993	0
1.1455586875915078	0
1.1452598862940537	0
1.144976866130275	0
1.1446830666143468	0
1.1443820905346138	0
1.1440768441607925	0
1.1437702437456145	0
1.1434677872543626	0
1.143176373238551	0
1.1428715757816263	0
1.142559246197176	0
1.142245410512521	0
1.1419392606102938	0
1.1416489040510782	0
1.141375254177563	0
1.1411197470202077	0
1.1408835193677673	0
1.1406693766882372	0
1.140481196911906	0
1.1403244459933997	0
1.140144081358992	0
1.1399481058615053	0
1.1397405458338767	0
1.1395290766931592	0
1.1393219555800138	0
1.13912982664354	0
1.1389611784198603	0
1.1388178164630967	0
1.1386996114148522	0
1.1386068485708725	0
1.1385403089475945	0
1.1385007223614163	0
1.1384635303005	0
1.1384327674213703	0
1.1384106230457451	0
1.138397421572709	0
1.138392481638146	0
1.1383950946498103	0
1.1384042646892658	0
1.1384230119629837	0
1.1384552159380694	0
1.138503607832044	0
1.138542097699775	0
1.1385758518942894	0
1.1386085685064293	0
1.1386431052101558	0
1.1386816034176876	0
1.1387253217364033	0
1.1387744663678796	0
1.138828079134149	0
1.1388884236851495	0
1.1389571396253815	0
1.1390385026149201	0
1.1391100320295349	0
1.1391759309034366	0
1.1392401210772942	0
1.1393009722696648	0
1.13935602313774	0
1.139407882961593	0
1.1394592609515228	0
1.1395122524731995	0
1.139568182709523	0
1.1396280470137026	0
1.1393961055628872	0
1.1391698946790823	0
1.1389491518207995	0
1.138733279473604	0
1.138527028099087	0
1.138332060993997	0
1.1381472253909477	0
1.1379709495616086	0
1.1378028404877503	0
1.1376442726334008	0
1.137497803948095	0
1.1373656329162432	0
1.1372467457391915	0
1.1371392614519853	0
1.1370449998927636	0
1.1369394709787943	0
1.1368266180126307	0
1.1367102812786862	0
1.136313392826648	0
1.1359216185601144	0
1.135537856614539	0
1.1351642500738686	0
1.1348022234878605	0
1.1344525516163346	0
1.1341149228388934	0
1.133788863815284	0
1.1334738008783865	0
1.1331691003244264	0
1.1328740841314244	0
1.1325880410125233	0
1.1323102389547262	0
1.1320398318852445	0
1.13177593583138	0
1.1315178397280004	0
1.131264969753669	0
1.1310168665858018	0
1.130773159996646	0
1.1305335492860775	0
1.1302977804885181	0
1.1300656906386268	0
1.1278055592573495	0
0.6805161212680193	2
0.5972755854929999	2
0.5429367613106586	2
0.5173609708758148	2
0.512059508701566	2
0.5212876597262195	2
0.539616237053288	3
0.5632661100728279	3
0.5899340752202836	3
0.6175578164860639	3
0.645179406614977	3
0.6722052870537839	4
0.6982768782324623	4
0.7232017827458221	4
0.7468758575816217	4
0.7692624883707289	4
0.7903624621188888	4
0.8101846449268942	4
0.8287605786389143	4
0.8461570128178667	4
0.862412893075071	4
0.8775701535357383	4
0.8917239969300798	4
0.9049142704895202	4
0.9171922761327704	4
0.9285867814490018	4
0.939144052661832	4
0.9489329412668117	4
0.9580609710564247	4
0.966613538958995	4
0.974661711378221	4
0.9822954755424913	4
0.9895300639624635	4
0.9964471314884854	4
1.003074384452768	4
1.009436588015219	4
1.0155509625041572	4
1.0213893337726192	3
1.0270283527628625	3
1.0324780275047132	3
1.037747896031281	3
1.0428438056033182	3
1.0477715550800908	3
1.0525366817209425	3
1.0570543319526822	3
1.0614331273379287	2
1.0656748439880854	2
1.0697833365901392	2
1.0737703175017437	2
1.0776196556351165	2
1.081338701957964	2
1.0849336619029724	2
1.0884099255956943	2
1.0917718583356386	2
1.0950051473207987	2
1.0981545306556069	1
1.1010592123996263	1
1.1038865269614062	0
1.1066348756891615	0
1.1093025748807663	0
1.11188720302265	0
1.113527500739242	0
1.113430235838968	0
1.1128310408459972	0
1.1132212486989623	0
1.1121319478150582	0
1.1099556469913678	0
1.1074172542976621	0
1.1048095741997408	0
1.1022472130471048	0
1.0999001558569825	0
1.0986921927605882	0
1.0973437587758312	0
1.0963712884835246	0
1.095685582974425	0
1.095049451599718	0
1.0947337974682765	0
1.0937129542268547	0
1.0928688223862815	0
1.0919439563439521	0
1.0914231003635708	0
1.091431606086202	0
1.0897286559154806	0
1.086672661950012	0
1.084994688888457	0
1.0831157321831255	0
1.0828770633123959	0
1.0828500083076777	0
1.081902030446975	0
1.0806788614951581	0
1.078681765759226	0
1.0765512721267811	0
1.075409841169907	0
1.0739926761163727	0
1.072540249327535	0
1.0717313823505341	0
1.0714165782244212	0
1.0714047132061677	0
1.0710794607876741	0
1.0707140870175427	0
1.0704659246938688	0
1.0700441847294668	0
1.069670406074789	0
1.069588155156687	0
1.0701510790545845	0
1.070486843408179	0
1.0706332286117477	0
1.0702287871069947	0
1.0694181203944284	0
1.0683646590103335	0
1.0679390235585946	0
1.0671251144599183	0
1.0662912023186544	0
1.0652813769761236	0
1.0645053469772785	0
1.0644894985669147	0
1.063850870656665	0
1.063595661741535	0
1.0627124006531374	0
1.0617564513961335	0
1.0608733712856504	0
1.0601759551864278	0
1.0593750608592065	0
1.0585059610024534	0
1.0576874438585238	0
1.05681623974441	0
1.056096136107003	0
1.0562673676844316	0
1.0562124513459346	0
1.055976732841488	0
1.055597156359547	0
1.0550805531843985	0
1.054595648976363	0
1.054141593865487	0
1.0537758704520828	0
1.0535218191029196	0
1.0532959956987182	0
1.0531208860194263	0
1.0529987302735857	0
1.0529309978259376	0
1.0529726430529995	0
1.0530759857143694	0
1.053122267011278	0
1.0531754444596126	0
1.0533536816339035	0
1.0536497233883737	0
1.0542144837542613	0
1.0548296498145728	0
1.0554868560849995	0
1.0561728103307229	0
1.0568900950204607	0
1.0575751672741993	0
1.0582518028584031	0
1.058963641817283	0
1.0597131214254414	0
1.060536941212473	0
1.0611794878401166	0
1.0619271379601072	0
1.0627722228729795	0
1.0636841610926362	0
1.0646558544490086	0
1.0656750658329923	0
1.066722626295325	0
1.0677775132716545	0
1.0688285544917215	0
1.0698822770771133	0
1.0709396770609976	0
1.0720018106857887	0
1.0730717695666634	0
1.0741434108023034	0
1.0751966367634656	0
1.0762093369570982	0
1.0772327867968658	0
1.0776027996783653	0
1.077948451569153	0
1.0776284488665344	0
1.077878539045439	0
1.0779767153447977	0
1.0779845875604275	0
1.0778974676193847	0
1.0777398996864307	0
1.07758310628539	0
1.0775284533342857	0
1.0777528713890883	0
1.0780952016914496	0
1.0783791424975897	0
1.078618775610294	0
1.0789358875211832	0
1.0789817290906152	0
1.0783676522656205	0
1.077389981825988	0
1.0761010920569978	0
1.0747217429149187	0
1.0734298291587558	0
1.0723408197521764	0
1.0714414667499372	0
1.070783627031386	0
1.0703642528206068	0
1.0701758681134215	0
1.0701077964222778	0
1.0701509766221073	0
1.0703009050166667	0
1.0705388057226146	0
1.0708449510101534	0
1.0712082269781629	0
1.0716352065291463	0
1.072111640023431	0
1.07259984292892	0
1.0730741066290579	0
1.07353797816616	0
1.0740075898898513	0
1.074435129390468	0
1.0749607542697044	0
1.075389313568798	0
1.0757597930854688	0
1.076112848058123	0
1.0765312364899922	0
1.0769355523780406	0
1.0773089746029552	0
1.0777733373405587	0
1.078180295192664	0
1.078492584213163	0
1.0786757123942716	0
1.0786435988073275	0
1.0785709086501936	0
1.078689674525951	0
1.0789876556521134	0
1.0789294769235913	0
1.0787391727199143	0
1.0787515234690668	0
1.0785708570403076	0
1.078380325283004	0
1.078049782077533	0
1.077751639680631	0
1.077308637815962	0
1.076820616139461	0
1.07628852823901	0
1.0758346079136798	0
1.0754672517541484	0
1.0751619792002338	0
1.0750024499605166	0
1.074851875519735	0
1.0747265463815414	0
1.074635437356896	0
1.0745845869727304	0
1.074706455186182	0
1.0748281828084865	0
1.0749589397995942	0
1.0751087227329352	0
1.0752834218248255	0
1.0754335437044946	0
1.0755887526687982	0
1.0757575241830497	0
1.075947145604915	0
1.0761614434258489	0
1.0764033525682206	0
1.0766891910395806	0
1.0769943995996936	0
1.0773212390847975	0
1.0776630824650468	0
1.0780204486868632	0
1.0783866095866441	0
1.0787604152210835	0
1.0791406060217847	0
1.0795270152758312	0
1.0799222689017314	0
1.080284470108577	0
1.0806184280070463	0
1.0809035678198513	0
1.0813221420340118	0
1.081713538878903	0
1.0820791941404118	0
1.08242175085485	0
1.0829070901377587	0
1.0833237334246941	0
1.0838427591203523	0
1.0842126332192017	0
1.0843368102984328	0
1.084180919382861	0
1.0839201125871467	0
1.0835099671266712	0
1.0831533621381542	0
1.0828586870944403	0
1.082612367007548	0
1.0823978147334952	0
1.0822636175438136	0
1.0821740936439601	0
1.082100356530103	0
1.0820576396074215	0
1.0820585940122887	0
1.0820729196391283	0
1.0821008885392738	0
1.0821763803416589	0
1.082243366206745	0
1.0822844419848434	0
1.082310031050558	0
1.0823451110468096	0
1.0823561163594717	0
1.0823702532652149	0
1.0823748569686562	0
1.082267583599623	0
1.0821529686396911	0
1.0820515195652958	0
1.0819580720098787	0
1.0818763775259153	0
1.0817857355461287	0
1.0816523623863608	0
1.0815960978424697	0
1.0817416489407001	0
1.0818931085487282	0
1.0820093847145433	0
1.0820915364670163	0
1.0821553302606848	0
1.0822614118281708	0
1.0823425695881637	0
1.082407365814042	0
1.0824827920299391	0
1.0825534417756997	0
1.0827189903690406	0
1.0828788123281228	0
1.0830397567134697	0
1.0831771378474246	0
1.083283871871848	0
1.0833919603874915	0
1.0834772987017551	0
1.083538534949219	0
1.0836004044623975	0
1.0836745388657614	0
1.083752829807525	0
1.0838483203998837	0
1.0839224226069624	0
1.0839834538013273	0
1.0840365978547961	0
1.0840694659617431	0
1.084103119416417	0
1.0841365008415291	0
1.0841643415289866	0
1.0842017490946034	0
1.0842330730544996	0
1.0843106794437403	0
1.084397236101144	0
1.084457644287916	0
1.0845073519528754	0
1.0845730093731916	0
1.084658468793681	0
1.0847799539396794	0
1.0849547107158146	0
1.085145267623038	0
1.0853476663668782	0
1.0855582008763651	0
1.0857519694608526	0
1.0859455474140234	0
1.0861431808194888	0
1.0863443255349532	0
1.0865444859947506	0
1.0867397436174147	0
1.08692545458414	0
1.087234458937332	0
1.087501082657758	0
1.0877291236686426	0
1.0879468728792434	0
1.0881252808203736	0
1.0882942484230649	0
1.088482189810865	0
1.088685659943333	0
1.0888710158844639	0
1.08903803937734	0
1.0891867184726844	0
1.089318434836328	0
1.089435607622195	0
1.089538967540536	0
1.0896310727687932	0
1.0897204111305958	0
1.0898007634970412	0
1.089868770781187	0
1.0899249245880323	0
1.0899868556825214	0
1.0900310955385693	0
1.0900552885672694	0
1.0900831616476805	0
1.0900849524727159	0
1.090019418154819	0
1.089952999738842	0
1.089955680330487	0
1.0899613625737956	0
1.0900547099936908	0
1.0901007776946623	0
1.090107716681752	0
1.0900855740588522	0
1.0900606150884575	0
1.0898818382600413	0
1.0897103877286736	0
1.0895480773996307	0
1.0893618505326157	0
1.089193182379423	0
1.0890751000396426	0
1.0889334122632908	0
1.0887525430012588	0
1.0884956914966943	0
1.0879253956492625	0
1.0872660583676668	0
1.0864910993520749	0
1.0856226331756726	0
1.084755966844	0
1.0839283324944315	0
1.0831925992908948	0
1.0825564335197304	0
1.0820162834870533	0
1.081586791257778	0
1.0812288186398966	0
1.0809387799282668	0
1.0807111320213258	0
1.0805373088584955	0
1.0804138297157397	0
1.0803383647955926	0
1.080298402674792	0
1.0802966311643436	0
1.0803491879662326	0
1.080409788241322	0
1.0804847310921328	0
1.0805804134794654	0
1.08069982953435	0
1.080827088788154	0
1.0810004184648943	0
1.0811772987673007	0
1.081358861653874	0
1.0815440489108687	0
1.0817313230087824	0
1.0819189429390135	0
1.0821055864489346	0
1.082294847894635	0
1.0824810956650242	0
1.0826645986263785	0
1.0828203177383087	0
1.0829813298158903	0
1.0831210933969744	0
1.0832398768798406	0
1.0832979943097725	0
1.0832458642943588	0
1.0832127682225448	0
1.082971529087609	0
1.0826557849335874	0
1.0822949122695882	0
1.0818430227261124	0
1.081322304815604	0
1.0807207698954144	0
1.0802371588986115	0
1.079882303094181	0
1.0796087643090106	0
1.0793918648721204	0
1.079227851889249	0
1.079110744661099	0
1.0790375131905603	0
1.0789999601033855	0
1.078972422139171	0
1.0789583146910737	0
1.0789351649488588	0
1.0789140310680845	0
1.0789920909627135	0
1.0791028539253869	0
1.0792114441211047	0
1.0793476997219906	0
1.0794574166655566	0
1.0795420765428014	0
1.0795671789380676	0
1.0795814374895967	0
1.0795691396305167	0
1.0795581557855634	0
1.0797336507796644	0
1.0798769290799535	0
1.0799224277452526	0
1.0798489742556427	0
1.0797405414391819	0
1.0796446754631495	0
1.0796978544651958	0
1.0797476307025993	0
1.079802065825492	0
1.0798353410025507	0
1.0798474376457956	0
1.0798114367119065	0
1.0794636410836924	0
1.0790360042192022	0
1.0786047123998102	0
1.078134263762875	0
1.0776642305098336	0
1.0772034417883258	0
1.0767612748583837	0
1.0763180629655666	0
1.0758573831951177	0
1.0753855521470994	0
1.0749219183420677	0
1.0745297250971588	0
1.0741571520952273	0
1.0738465566444502	0
1.0735570741583031	0
1.0732778288594607	0
1.0730360214788774	0
1.0728195826276887	0
1.072630610085583	0
1.0724406495404009	0
1.07225257307695	0
1.0720704540880404	0
1.0716100117184721	0
1.0711559076592234	0
1.0707096945319485	0
1.0702686353750546	0
1.069898025455148	0
1.06947398370844	0
1.0691659063762349	0
1.0687855932006367	0
1.0681931720727855	0
1.0677180937215982	0
1.0672569953371156	0
1.066794478045036	0
1.0663338061759204	0
1.0658779434302261	0
1.0654296290406156	0
1.0649914475766258	0
1.064565804771635	0
1.064156931702369	0
1.0637437972318182	0
1.0632689806661635	0
1.0627972765621885	0
1.0623057242684513	0
1.0618622247269376	0
1.0614234720482425	0
1.0610106701664073	0
1.060709356853638	0
1.0604251713787214	0
1.060136890328974	0
1.059846658502399	0
1.0595585608073352	0
1.0592762440151895	0
1.059002227522789	0
1.0587376601439882	0
1.058482898292591	0
1.0582152355906653	0
1.0579380470501423	0
1.0577823423084234	0
1.0575925119394578	0
1.057372546235928	0
1.0571275841726353	0
1.0568642059772457	0
1.0564939501497161	0
1.0560952180780927	0
1.0557497118817356	0
1.0553942518338224	0
1.0550434051343762	0
1.0546932246110492	0
1.0543536023716191	0
1.0540242686783303	0
1.053661731999994	0
1.0533078215834148	0
1.0529605872667884	0
1.052618476610679	0
1.052280866764403	0
1.051948282229475	0
1.0516080051049248	0
1.0512560837617664	0
1.050675243566422	0
1.05009146088493	0
1.0495688477782013	0
1.0490618417431627	0
1.0485790755911653	0
1.0481133893279493	0
1.0476591198820453	0
1.0472147050200713	0
1.0467789722734737	0
1.0463510253017987	0
1.0459301150430298	0
1.045515665418442	0
1.0451074989137201	0
1.0447062025264429	0
1.0443119173570565	0
1.0439239493206696	0
1.0435421647314351	0
1.0431664611271045	0
1.042576826490407	0
1.0419944685822036	0
1.0414025543711316	0
1.0408054036377532	0
1.0402065096831206	0
1.0396086899021946	0
1.0390142153438378	0
1.038424915524539	0
1.0378422550374926	0
1.0372673873978724	0
1.0367011925176315	0
1.0361442924617699	0
1.0355970719639636	0
1.0350596860141041	0
1.0345320748973656	0
1.0340139875096597	0
1.0335050089578592	0
1.0330046010179899	0
1.0322980841857798	0
1.031599493792425	0
1.0309079999127835	0
1.0302229000406948	0
1.0285058618739604	0
0.46611479373538967	2
0.43412730027098156	2
0.4250430606629757	1
0.4356930159282889	1
0.46062321276372503	1
0.49279879744356225	2
0.5277888522902359	2
0.5633295684808474	2
0.5981991314598574	2
0.6316389866890509	2
0.6634389916974783	2
0.6934608218621858	2
0.7216090293555322	2
0.7481740497223034	2
0.7730131049023764	2
0.7963187042975675	2
0.8181369318662194	2
0.8388123798175209	2
0.8566671482233055	2
0.8736853300287959	2
0.8896373282541401	2
0.9046097183670703	2
0.9186718920932601	2
0.9320161871764434	2
0.9446747789674872	2
0.9567543047588258	2
0.9681064044356211	2
0.9787515582146035	2
0.9887747773376194	2
0.9981582154795395	2
1.0070083744790201	2
1.015467220125667	2
1.0233167638560288	2
1.0306839916373738	2
1.0376455532865698	2
1.0441983878856722	2
1.0505742301000203	2
1.0564493963575678	2
1.061830858839677	2
1.066688593853468	2
1.0711448470060547	2
1.0733790126792726	2
1.0756851579129767	2
1.0790351601774535	2
1.0809928178279185	2
1.0833269990984744	1
1.0846471805474645	1
1.0850933726291478	1
1.0856274552989098	1
1.0850447438461446	1
1.0840581771859579	1
1.0825106973151803	1
1.0799946749269753	1
1.0771140612730565	0
1.0740556477514183	0
1.0710416988579623	0
1.0672809604909075	0
1.063672552636375	0
1.0605635644238303	0
1.057150325598806	0
1.0542566445284103	0
1.0519497654999466	0
1.0507888890323578	0
1.0509516751509382	0
1.0520229146731956	0
1.0529890446872654	0
1.0538850410849216	0
1.0547930814541573	0
1.0557353590295508	0
1.0565994345161773	0
1.0577993835861816	0
1.0588788238836808	0
1.059811626129857	0
1.0598624354135677	0
1.0599150984304098	0
1.0600364951491557	0
1.060738964919161	0
1.0612027954327456	0
1.0613947607999612	0
1.0609570315588954	0
1.0607258859080153	0
1.0619295254498602	0
1.0629457973755803	0
1.0634635099023944	0
1.0637353250951727	0
1.0633952216294091	0
1.0630153743281117	0
1.0622248862735995	0
1.0620500131124935	0
1.0616715853996	0
1.0615911048536926	0
1.0615770832381166	0
1.0618158126628978	0
1.0612220483310313	0
1.0608885012162617	0
1.0602978876722733	0
1.0595230268932267	0
1.0586655001966774	0
1.057879310389045	0
1.0573184378626563	0
1.0570234061543533	0
1.0569691473460507	0
1.0571166376325	0
1.0582747666922723	0
1.0589425006674367	0
1.0593161802681212	0
1.0593307593027204	0
1.0591787858233574	0
1.0588762749935128	0
1.058905374875868	0
1.0592060911696657	0
1.0596124986508888	0
1.0600881462811234	0
1.0606173971320552	0
1.0611877534676222	0
1.0617761791830496	0
1.0623246008530944	0
1.0628742634553805	0
1.0634155628712227	0
1.0639190044112938	0
1.0643940886127217	0
1.0648823563710699	0
1.0654482726008028	0
1.066076397817746	0
1.0664757401444644	0
1.066983401909974	0
1.0670661051691726	0
1.0671332146084107	0
1.0657579907845482	0
1.0642053658046737	0
1.0617499109071893	0
1.0587715724667697	0
1.0557364504651279	0
1.0530381834986928	0
1.050971018593647	0
1.0493425525815143	0
1.0481448230784591	0
1.0472895677654077	0
1.0467437462498035	0
1.0466888935903402	0
1.0467849122233577	0
1.0470436959836484	0
1.0476281326189412	0
1.0483126999630155	0
1.049130596362436	0
1.0500160176266065	0
1.0508515311605147	0
1.0514416851947037	0
1.0520101846389471	0
1.0525906137248107	0
1.0532222473050332	0
1.0537342388198099	0
1.0535476575957798	0
1.0530741417040037	0
1.0516092838566529	0
1.0492334158359573	0
1.0457394774696935	0
1.0415069018848593	0
1.0371090108318426	0
1.033072867417422	0
1.0296670118458244	0
1.02691473990607	0
1.0247840628305123	0
1.023164083689574	0
1.0221943202803727	0
1.0215477989944965	0
1.0211824655621826	0
1.0210582546375715	0
1.0211407018916794	0
1.021393434138867	0
1.0217852744011553	0
1.022211108620909	0
1.022660188091916	0
1.022902966081162	0
1.023609984854804	0
1.0242630392463838	0
1.024885746445443	0
1.025249941141961	0
1.025600730193683	0
1.0260209131315758	0
1.0265443295763494	0
1.0271773172167769	0
1.0278581454002083	0
1.028568122400445	0
1.0293315747481835	0
1.0301033269577187	0
1.0308623797093122	0
1.0316471612228306	0
1.0324920120234018	0
1.0332908338533726	0
1.0330952561914668	0
1.031885347038225	0
1.0296947890308947	0
1.027014662975972	0
1.0249132581758573	0
1.0231239015363187	0
1.022084217741774	0
1.0219685568122419	0
1.0219759561842867	0
1.0220907516569553	0
1.022299191280028	0
1.0225971724895446	0
1.022980079907663	0
1.0234176734586335	0
1.0239245336659708	0
1.0244687186795391	0
1.0252717577221093	0
1.0260159175543895	0
1.0267379711264244	0
1.0274237841490035	0
1.028068323869723	0
1.028793891667386	0
1.0294165069331742	0
1.0298974536466456	0
1.030267247176081	0
1.0306670336692856	0
1.030873596919559	0
1.0304192303962278	0
1.0295347457611204	0
1.0289343363900054	0
1.0281476179004299	0
1.0269649060139139	0
1.0259756913726903	0
1.0252117101283755	0
1.024648914061277	0
1.0243377525238513	0
1.0241859848434547	0
1.0243208596526436	0
1.0244966376365332	0
1.0247203778868725	0
1.0249961699048087	0
1.0253263506225192	0
1.0257617327157165	0
1.0262186908005095	0
1.026700676980642	0
1.0272090041742084	0
1.0277966168897659	0
1.0283911166369835	0
1.028995346654853	0
1.0296099330772153	0
1.0302331957690722	0
1.0308873948748236	0
1.0315362924676659	0
1.0321808768762262	0
1.0328129330503966	0
1.0334252414597056	0
1.0340795131313447	0
1.0345014276177098	0
1.0347224370399486	0
1.0344621273967354	0
1.0338033232058128	0
1.0328054146892511	0
1.0318878966058525	0
1.0310443684217208	0
1.0303565029681525	0
1.0298138572441045	0
1.0294062045175654	0
1.0291355919776994	0
1.029059098011558	0
1.029075002275083	0
1.0291715259102419	0
1.0293398618872585	0
1.0295165702943716	0
1.0296983775105764	0
1.0301539096266146	0
1.0305573646240238	0
1.030902335773747	0
1.0315233208033463	0
1.032047039406319	0
1.0324923669243864	0
1.0325771882733372	0
1.0327395991504376	0
1.032643487289285	0
1.032348456387407	0
1.03190579509911	0
1.0313268271267226	0
1.0306943781032272	0
1.0302033855520225	0
1.0298460037919612	0
1.0295979405437008	0
1.0294044585475326	0
1.029261792046421	0
1.0291672127898683	0
1.0291252487502698	0
1.0291325721898852	0
1.0291856260945718	0
1.0292665765159545	0
1.0297544438108985	0
1.0302306195670548	0
1.0307097164154118	0
1.031163293122638	0
1.0315970077989325	0
1.0320032980890903	0
1.032385654153355	0
1.0328027232068677	0
1.0331837132058408	0
1.0333710798082218	0
1.0335568730912816	0
1.033733531387743	0
1.0339126795760798	0
1.0341858165323563	0
1.034356483363749	0
1.034429015969899	0
1.034413971608333	0
1.0343617622701653	0
1.0343516683573946	0
1.0343940039121728	0
1.034492989405822	0
1.0346231978156966	0
1.0347840644994468	0
1.0349715112026563	0
1.0351800855449742	0
1.0354033905958495	0
1.0356065205926275	0
1.0358220768772537	0
1.036041655306885	0
1.0362746487414227	0
1.0365182359196985	0
1.0367735678659067	0
1.0370381800814206	0
1.0373085300844769	0
1.0375873747622082	0
1.0378775186576525	0
1.0381854201557277	0
1.0385233321257505	0
1.0388250586013539	0
1.039123540976862	0
1.03940977188422	0
1.0396912163418077	0
1.040002931815243	0
1.0403103547764334	0
1.0406081603589405	0
1.0409108516341463	0
1.0412225084080844	0
1.0415350372702812	0
1.0418492576163247	0
1.0421653143792506	0
1.0424827213199799	0
1.042803097008589	0
1.0431322033684394	0
1.0434259225148192	0
1.0436959926049	0
1.0439493995654507	0
1.0441911835480713	0
1.0444276858977013	0
1.0446671278697501	0
1.0448938582805514	0
1.0451215271285448	0
1.0453568005390879	0
1.0455804315511061	0
1.0458153186160062	0
1.0460620774279608	0
1.0463122169905177	0
1.0465806948754601	0
1.0469333002870307	0
1.0473032287752433	0
1.0476789375625157	0
1.0480504298112105	0
1.048415973756837	0
1.0487448612497468	0
1.049042597997978	0
1.049314896797489	0
1.0495723105196644	0
1.0498339764764708	0
1.0500944926793832	0
1.050342582225963	0
1.050590121935915	0
1.0508456942009703	0
1.0510721895788269	0
1.0514061182372576	0
1.0516812943966038	0
1.0518575763101279	0
1.0519952060481894	0
1.052086413740241	0
1.0521543933490678	0
1.0521997463278099	0
1.0522478991355175	0
1.0522940035392088	0
1.052360038467743	0
1.0524129172851209	0
1.05248018322738	0
1.052577377675204	0
1.0526645438621651	0
1.052777594289298	0
1.052867319316501	0
1.0529813351967077	0
1.0531008530939927	0
1.0531759073821165	0
1.0532588601946309	0
1.0533478647873404	0
1.0534755185998659	0
1.0535785776789537	0
1.053758309125939	0
1.0540052127661788	0
1.0541977275843757	0
1.0543434731752386	0
1.0544182072551638	0
1.054434858199202	0
1.0544163220500313	0
1.0543635012589547	0
1.0544282302064627	0
1.0544420351238857	0
1.054420435499127	0
1.054383018117722	0
1.0543432142719613	0
1.0544374836802561	0
1.0544839875187022	0
1.0545041530663626	0
1.054497437962932	0
1.0544747521918043	0
1.0544043306905442	0
1.0543059834860984	0
1.0541900702164317	0
1.0540098275689829	0
1.0538161681467364	0
1.053673590960209	0
1.0535696321474108	0
1.0534895250803067	0
1.053439128441061	0
1.053425993063753	0
1.05344841285459	0
1.0535106325569872	0
1.053600929389385	0
1.053711257183896	0
1.0537785291002735	0
1.0538129116140342	0
1.053859443287027	0
1.0539078591769326	0
1.0539201030945309	0
1.0539125498183697	0
1.0539007605553146	0
1.0538963250868016	0
1.0538922309584828	0
1.0539015972695263	0
1.0540024699686337	0
1.0542281454958524	0
1.0544261528523675	0
1.054596840917734	0
1.0547417586603658	0
1.0549605784915026	0
1.0551285281575862	0
1.0549952018253705	0
1.0549077502306508	0
1.0546369164267788	0
1.054291358817324	0
1.0539222744348742	0
1.0535741838157455	0
1.0532532675833934	0
1.0530605320373192	0
1.0530911334046278	0
1.053096539301749	0
1.053051892502681	0
1.052982580623946	0
1.052870893854584	0
1.0528066030858723	0
1.0527206552595993	0
1.0526406429367816	0
1.052554726314596	0
1.0526524635257082	0
1.0528104750873302	0
1.0528936894055287	0
1.0528244489976435	0
1.052884810629297	0
1.0528747407573464	0
1.0528092437475483	0
1.0528595202420823	0
1.0528489888818828	0
1.0527819141172339	0
1.0528732669314345	0
1.0529283356937373	0
1.0529506899145675	0
1.0527937123959308	0
1.0526662624498684	0
1.052543666545916	0
1.0524251014527932	0
1.0523089094164209	0
1.0522158387081215	0
1.0521477116946027	0
1.0522224065113348	0
1.0524031279266632	0
1.0525579206041802	0
1.0526982927314694	0
1.0528333984757243	0
1.0529705810781989	0
1.0530591986463063	0
1.053114472442179	0
1.0531067187599639	0
1.053069492115281	0
1.0531499133161117	0
1.053231094063865	0
1.0533036795433943	0
1.0533649701390633	0
1.0534164608627785	0
1.0534840343591252	0
1.0535726509760666	0
1.0536324220543365	0
1.0536656242319038	0
1.0537099893917459	0
1.0537673140049464	0
1.0538220672784697	0
1.0538734524976672	0
1.0539271901197749	0
1.053987889069053	0
1.054059242215059	0
1.05424674925419	0
1.0544423632066349	0
1.0546248896226116	0
1.0548149396153366	0
1.0549952307524748	0
1.0551650386197096	0
1.0553070909560336	0
1.0554452464719197	0
1.0555406298665722	0
1.0553865702348524	0
1.0552399447045961	0
1.0551049606940586	0
1.054965484594791	0
1.0548451958039848	0
1.0548400567235257	0
1.054823095476008	0
1.0548084932979915	0
1.0547785621351429	0
1.054776239558603	0
1.0547644300561247	0
1.0547470708418993	0
1.0547269352314683	0
1.0547059991491454	0
1.0546855514718405	0
1.0546669015532935	0
1.0546512054596127	0
1.054624211011243	0
1.0545892486877015	0
1.054550548167822	0
1.0545119887060168	0
1.0544778816322622	0
1.054451869830521	0
1.054437878258866	0
1.0544388211155185	0
1.0544355822430227	0
1.054432066930098	0
1.0544306870521825	0
1.0544219486032003	0
1.0544110320714668	0
1.0544018650552784	0
1.0544031754919982	0
1.0544152027696534	0
1.0542108845267204	0
1.0540161255299134	0
1.0538306665725494	0
1.053652202082218	0
1.053481366158842	0
1.053316318915852	0
1.0531585800336123	0
1.0530017995843748	0
1.0528456920696558	0
1.0526903020149385	0
1.0525367461376391	0
1.0523417201629177	0
1.0521265330333585	0
1.0518955659359948	0
1.0516531915153735	0
1.0514043613142754	0
1.0511541964324331	0
1.0509069120557777	0
1.0505444498133427	0
1.0501736298318467	0
1.0497951953040028	0
1.0494137714718696	0
1.0490305608647603	0
1.0486460160233209	0
1.0482601140370658	0
1.0478721948772594	0
1.0474846459120757	0
1.0470994946568835	0
1.0467188640440133	0
1.0463449109185505	0
1.0459788685497742	0
1.0456220374897278	0
1.045275602433371	0
1.0449404641597477	0
1.0445973249631664	0
1.0442494823609554	0
1.0439005979208493	0
1.0433356187464018	0
1.04277603508404	0
1.0422238713589191	0
1.0416810459345747	0
1.0411474811159982	0
1.040623708906311	0
1.040110716121115	0
1.0396067783549567	0
1.0391119010454382	0
1.038625936097225	0
1.0381485424241677	0
1.0376814178738738	0
1.0372195949532543	0
1.0367630047818177	0
1.0360865318440091	0
1.0354156797682745	0
1.0336899869686607	0
0.6651835419430345	3
0.6256684977700765	3
0.608336940493692	3
0.6053540662164572	3
0.6121731485200272	3
0.625160224321	3
0.6432659823570372	3
0.6647844691544609	3
0.6881899179075752	3
0.7123480118238503	3
0.7364939859350974	3
0.7601731838285887	3
0.7831848467102562	3
0.8053536499304309	3
0.826471430604347	3
0.8465881506835273	3
0.8656535688374791	3
0.8836078878693386	3
0.900501184353686	3
0.9167931572127361	3
0.9321216933725076	3
0.9463260248035963	3
0.9594405847502675	3
0.972073337547392	3
0.983559344329027	3
0.9945416245396844	3
1.0044338248632774	3
1.013327127205073	3
1.02208937577934	3
1.0300436936895945	3
1.0373475021858019	3
1.0440369055401137	3
1.0499515432174134	3
1.0553309069591112	3
1.0603594537223513	2
1.0649170595790236	2
1.0690756976783014	2
1.0731564360644386	2
1.077106133260355	2
1.0801626447107782	2
1.082407317670937	2
1.0835857335055006	2
1.085474004825496	2
1.0868661283178616	2
1.0889899286858014	1
1.091136575321559	1
1.0928898646854164	1
1.093011203670721	1
1.0922222841356002	1
1.0905266749477478	1
1.0884955330963761	1
1.0868539940744109	1
1.0868818183816218	1
1.0861006405412619	1
1.0865661408952307	1
1.0875994337010253	1
1.0883854989899475	1
1.0889833958079207	0
1.0887999628992928	0
1.0883699678241374	0
1.0880676218597856	0
1.0881530152902879	0
1.0887252084196057	0
1.0900748919628598	0
1.0912088239741848	0
1.0923870714771073	0
1.0938338527701297	0
1.0952497593101695	0
1.0967899701447457	0
1.0983845036100541	0
1.099980429662556	0
1.1016104605563006	0
1.1031066437031642	0
1.104612891781777	0
1.1054310399968985	0
1.1063307462786331	0
1.1072933611986546	0
1.1078776125089032	0
1.1085115542187791	0
1.108265885311702	0
1.1073721002056867	0
1.106012425216636	0
1.1039935518631736	0
1.101355410499932	0
1.0983749605607915	0
1.0954906597542349	0
1.0930346530377926	0
1.0909412695972558	0
1.0901391766713104	0
1.089908177618053	0
1.0898123498707026	0
1.0898943419056617	0
1.0901513635520987	0
1.090555099416955	0
1.0910854805480104	0
1.0920059916174043	0
1.0929546676749506	0
1.093915919465141	0
1.0948666388320614	0
1.0957048880159352	0
1.0964806844646062	0
1.0970926223318265	0
1.0976241951063648	0
1.0980823753203606	0
1.0989918212081604	0
1.0998017100721535	0
1.100502336832122	0
1.1010702904285385	0
1.10153030220621	0
1.101966676159088	0
1.1025864064688038	0
1.1033880888165664	0
1.1043275894873945	0
1.105275643178236	0
1.1061832594959053	0
1.1069755023260361	0
1.1076855738147442	0
1.108286330848312	0
1.108627094421647	0
1.1089800132873635	0
1.1096242061993593	0
1.110282680075723	0
1.110911860821796	0
1.1114603177302742	0
1.1120130669188293	0
1.1125377960042009	0
1.1130359628680708	0
1.1135115475951864	0
1.1138623758705661	0
1.1140679815771835	0
1.1141387094020387	0
1.1145441107366458	0
1.1149311660366636	0
1.1153220224752747	0
1.1156668841361193	0
1.1159811304603473	0
1.1162459760403283	0
1.1164917507489103	0
1.116767708892534	0
1.117067724234049	0
1.1174180484970746	0
1.1177945004720091	0
1.1182224386132804	0
1.1185949983308003	0
1.1189589962752093	0
1.119283544957297	0
1.1196617578549952	0
1.1200273037605277	0
1.1203578892807595	0
1.1206834012044358	0
1.1210247599968695	0
1.1214400525572656	0
1.1217975039634902	0
1.1221335374684867	0
1.122442531920991	0
1.1225119656340716	0
1.1226365682973267	0
1.122809594428173	0
1.1229656635285568	0
1.1231282867676649	0
1.1234277548719218	0
1.1236872481276663	0
1.123789230847201	0
1.123802131030592	0
1.1237790130140481	0
1.1237178037197924	0
1.1234493700425487	0
1.1232509140923639	0
1.1229208494272456	0
1.1229715870226162	0
1.122935978248146	0
1.1223532821115083	0
1.12188908412818	0
1.1213634219503152	0
1.1205434188061785	0
1.1195663453326201	0
1.1185705281383926	0
1.1176235906129723	0
1.11680719581567	0
1.116117951956814	0
1.1155254961133543	0
1.1150126424027629	0
1.1146381056932306	0
1.1143500047624855	0
1.1142990041873433	0
1.114463708621798	0
1.1145395813090948	0
1.1147749912925828	0
1.1149147232058965	0
1.1148720391512157	0
1.114867180957014	0
1.1147056129722217	0
1.1141199204853793	0
1.1135412813419567	0
1.1130699080983046	0
1.1126964395677374	0
1.1123725992796247	0
1.1120425365222337	0
1.1117412022900373	0
1.111532528299197	0
1.111597869592499	0
1.1116636126700172	0
1.1117497728963626	0
1.1118710453604639	0
1.11203786410717	0
1.1124473948760496	0
1.1127556864575785	0
1.112988331866275	0
1.113193497049097	0
1.1133854672789094	0
1.1137183412280578	0
1.1143911411370142	0
1.1148929096910385	0
1.1152817858746689	0
1.115579300541597	0
1.1158008191656672	0
1.116144450221543	0
1.1165580657421517	0
1.116903159676508	0
1.1171431622916912	0
1.1173442047647835	0
1.117489585036493	0
1.1176601174763592	0
1.1178230564264222	0
1.1179357291120995	0
1.1180120944697556	0
1.11810363421762	0
1.118186082700307	0
1.11823839213559	0
1.1182402273983985	0
1.1181872021073511	0
1.118161404340506	0
1.1181490760389323	0
1.118162866256685	0
1.1181547603845625	0
1.118142567079163	0
1.118125522505459	0
1.1181018562679779	0
1.1180477268019695	0
1.118000064405905	0
1.1179709243489782	0
1.117946329964677	0
1.1178266436229651	0
1.1177818833210393	0
1.1177641097376316	0
1.1177410297356996	0
1.1176618725675165	0
1.1175843717788003	0
1.1175112602845847	0
1.117477194700968	0
1.1174272111582029	0
1.1174166564841548	0
1.117405953452758	0
1.1174234420388927	0
1.117476196796894	0
1.116819944311678	0
1.1160866236175213	0
1.115477484562849	0
1.1150108629333635	0
1.1147217554473876	0
1.1145007455059135	0
1.1142971423786208	0
1.114182794919378	0
1.1141088203403204	0
1.114078823394373	0
1.1140418101604446	0
1.114083717011398	0
1.1141581001558525	0
1.1142748281044212	0
1.1144883665506724	0
1.1147128898749412	0
1.1149532937975681	0
1.1152146437302715	0
1.115456209272906	0
1.1157787700905122	0
1.1161141023924777	0
1.1164621173265137	0
1.1168211918448703	0
1.117217565125388	0
1.1176012120597596	0
1.117973238031716	0
1.1183337978414363	0
1.118685626231391	0
1.1190066012133517	0
1.119333422390865	0
1.1197315252105926	0
1.120071994598097	0
1.120348237849574	0
1.1205832094674337	0
1.1207922334397091	0
1.1212105906749523	0
1.121535359875148	0
1.1217539543315622	0
1.1219161678666503	0
1.1221529015089593	0
1.1226460746785725	0
1.1229880555488752	0
1.1231343222029888	0
1.1231789104541843	0
1.1233552975896337	0
1.1234838148810733	0
1.1236022615619685	0
1.1237124615765783	0
1.1238320892098994	0
1.123918926331637	0
1.1239803934141963	0
1.1240811814831404	0
1.1240163792874551	0
1.1235813300121846	0
1.1229245938043275	0
1.1220440865426078	0
1.1210862954552145	0
1.1204284502267454	0
1.1202157817561695	0
1.1199870260548057	0
1.1198106099836547	0
1.1197011561430987	0
1.119590289737802	0
1.1194168259203354	0
1.1192526151988924	0
1.1190663319240668	0
1.1188470023603365	0
1.1185639225678015	0
1.1183191760859057	0
1.1182723936524865	0
1.1181823321007138	0
1.118063050759352	0
1.1179273302120833	0
1.117903119677939	0
1.1177616850454404	0
1.1176240504023458	0
1.1171628937335343	0
1.1165931158441362	0
1.115975561293693	0
1.1153917163470997	0
1.1148639526207242	0
1.1143786233994435	0
1.1140873069933952	0
1.113811576318719	0
1.1135739598361867	0
1.1133778473142462	0
1.1132213677382907	0
1.113108605855104	0
1.113037027673424	0
1.1129656587865	0
1.1129005403755075	0
1.1128302490545015	0
1.1127711296018123	0
1.1127000378451037	0
1.1126493554973178	0
1.1126153563602117	0
1.1125961773789153	0
1.1128367053206236	0
1.1129983247185913	0
1.113095878060381	0
1.1131419270106528	0
1.113172989880219	0
1.1131861878621152	0
1.113203309573148	0
1.1132041926590448	0
1.1131722897526632	0
1.1131374057905739	0
1.1131143599075932	0
1.1131045739569574	0
1.1130955692771445	0
1.1131024983885243	0
1.113081258114365	0
1.1130489004146464	0
1.1130502044093589	0
1.1130178773286084	0
1.1130121950488703	0
1.112992777033221	0
1.1130363282755311	0
1.1130684527497987	0
1.1129930968653023	0
1.1126704043032394	0
1.1123720467101277	0
1.1120812135221676	0
1.1117920811193658	0
1.1114888519412178	0
1.1111862290829297	0
1.1108444776765205	0
1.1105548929910536	0
1.1103138790335219	0
1.110115764808411	0
1.1099509614678025	0
1.109921714956713	0
1.1098684272410466	0
1.109798322823552	0
1.1097190835824122	0
1.109516439418984	0
1.1093582353477565	0
1.1092259774591544	0
1.1091132697412314	0
1.108990915079131	0
1.1088385283913873	0
1.1086930647553654	0
1.1085642170039451	0
1.1084105337133128	0
1.1082698033895457	0
1.1081499996033535	0
1.10812797657814	0
1.1080981753636459	0
1.1080635909902488	0
1.107981037450114	0
1.107891371095288	0
1.1078407366048137	0
1.107768640216879	0
1.107691802541217	0
1.107630240582639	0
1.1075803698930033	0
1.1075192127698257	0
1.1074705745567877	0
1.1074197090074422	0
1.1072979797434641	0
1.1071491296039557	0
1.1070425131606998	0
1.1069152687675303	0
1.106819271506969	0
1.1066807864849568	0
1.106561028759893	0
1.1065222973793012	0
1.106515307427048	0
1.106521782815493	0
1.1065382744104153	0
1.1065523102734325	0
1.1066177313682433	0
1.106792724203541	0
1.1069293458808787	0
1.1070336792549398	0
1.1072759404947368	0
1.1075258167213111	0
1.107723136702677	0
1.1078527401428315	0
1.107912398886737	0
1.1078683207005104	0
1.10778486064098	0
1.1076971161030615	0
1.1076255160646327	0
1.1075511808486123	0
1.1074828268059393	0
1.1074109083803443	0
1.1074009560776643	0
1.1073673267330577	0
1.107321941271199	0
1.1072706929938059	0
1.1072165609814204	0
1.1072918110955092	0
1.1073412336392872	0
1.1073678228185353	0
1.1073758711252144	0
1.1073717271628196	0
1.1073393453668072	0
1.10731892076026	0
1.1073053254963972	0
1.1073044895411177	0
1.107294096387976	0
1.1072418530004136	0
1.1071936382598255	0
1.107152025504497	0
1.1071199788347816	0
1.107098940635561	0
1.1071643613915543	0
1.1072044122786153	0
1.1072187096907862	0
1.1072227185477916	0
1.1072276776078183	0
1.1072239622499775	0
1.1072160837827414	0
1.1072091677379252	0
1.1072080244108817	0
1.1072166605463605	0
1.1072128773675731	0
1.1073374482596572	0
1.1074389505793358	0
1.1075220230128981	0
1.107590932495841	0
1.1076253236771236	0
1.1076584016020512	0
1.1077119066577483	0
1.1077538796935722	0
1.1078042655552214	0
1.107860931186009	0
1.1079301377298638	0
1.1080154021426238	0
1.1081230608585644	0
1.1082318107679423	0
1.108345793361317	0
1.1084657582064184	0
1.1087238898891925	0
1.1089615228873353	0
1.1089186014989347	0
1.1088589227950396	0
1.1087856064842825	0
1.108699128917119	0
1.1085993951642896	0
1.1085005039357962	0
1.1084068630221509	0
1.1083231648929113	0
1.1082537550333067	0
1.108177702095714	0
1.1080998919628837	0
1.1080237710373786	0
1.107952673753295	0
1.1078878241177048	0
1.1078303016074362	0
1.107781255328317	0
1.1074784178064196	0
1.107187200819021	0
1.10690836371901	0
1.1066424893374016	0
1.1063890843475002	0
1.1061479784279735	0
1.1059187393151972	0
1.1057006959738112	0
1.1054929605459396	0
1.1052944473581208	0
1.1051038975168748	0
1.1049197992265833	0
1.1047404032759358	0
1.1045639373537917	0
1.1043885501721056	0
1.1042122638924958	0
1.1040329770471045	0
1.1035928257921115	0
1.1031485452569874	0
1.1027003236995225	0
1.102249466480606	0
1.10177909500415	0
1.1012937968376864	0
1.1007977991208882	0
1.1002946168485568	0
1.0997873955761783	0
1.0992789430931982	0
1.0987711021967697	0
1.0982651956445166	0
1.0977623609194556	0
1.097263711400635	0
1.0967703642164521	0
1.0962834033741957	0
1.0958038290721084	0
1.095083192636636	0
1.094372469094015	0
1.0936722400382548	0
1.0929829401718785	0
1.0923048534569133	0
1.0916381087518523	0
1.090982673285359	0
1.0903383501728625	0
1.089704785925645	0
1.0890814894427272	0
1.0884678569746413	0
1.0878632065936649	0
1.0872667606880662	0
1.0866776129459215	0
1.0860949966161468	0
1.0855182563758137	0
1.0849468274165153	0
1.084380226292185	0
1.083818034713245	0
1.0830304566520836	0
1.082247799767315	0
1.0814697981020105	0
1.0806963193578139	0
1.0799272200275343	0
1.0791623358158018	0
1.0784012302542438	0
1.0776435748459288	0
1.0768892535475836	0
1.0761381640240573	0
1.0751542164354397	0
1.0741741544608354	0
1.0731979018610383	0
1.0722253898288652	0
1.071256556017867	0
1.0702913447611977	0
1.0693297040932488	0
1.0683715876989948	0
1.0674169524483814	0
1.0664657582269739	0
1.0655179676791562	0
1.0645735501825389	0
1.0636324699086157	0
1.0626946968543947	0
1.0617602033969198	0
1.060828962080431	0
1.0599009475812686	0
1.0589761361772334	0
1.0578338263547091	0
1.0566954232702501	0
1.0555609027110566	0
1.0544302409683002	0
1.0533034151299683	0
1.0521804024952666	0
1.0510611844201168	0
1.049945736018819	0
1.0488340360379125	0
1.0477260642893662	0
1.0466217999938907	0
1.0448774303272341	0
